0 0.378203125 0.4255078125 0.03595703125 0.04993489583333333
0 0.31533203125 0.4448958333333333 0.036904296875 0.05743489583333333
1 0.341376953125 0.4252734375 0.037373046875 0.04165364583333333
2 0.344833984375 0.46625 0.034296875 0.039049479166666665
0 0.578017578125 0.31009114583333336 0.036044921875 0.0443359375
0 0.712490234375 0.21938802083333334 0.03826171875 0.05686197916666667
0 0.651845703125 0.30446614583333337 0.041318359375 0.051835937500000005
2 0.54494140625 0.2577864583333333 0.0374609375 0.04763020833333333
2 0.627451171875 0.2778776041666667 0.034755859375 0.0424609375
1 0.57654296875 0.2408203125 0.031474609375 0.052786458333333335
1 0.607158203125 0.2469921875 0.034052734375 0.047942708333333334
0 0.8258203125 0.6704817708333333 0.032119140625 0.046575520833333335
2 0.783564453125 0.6392057291666667 0.03482421875 0.04283854166666667
0 0.80552734375 0.7067838541666666 0.043583984375 0.045273437500000006