0 0.109052734375 0.7233854166666666 0.100908203125 0.14756510416666666
0 0.16873046875 0.8875911458333333 0.1030859375 0.14611979166666667
0 0.260419921875 0.7081901041666666 0.09982421875 0.10850260416666667
2 0.4437890625 0.510703125 0.084638671875 0.1128515625
2 0.401474609375 0.4210026041666666 0.071611328125 0.10705729166666667
2 0.45193359375 0.13671875 0.09005859375 0.13165364583333333
2 0.772568359375 0.4593489583333333 0.09982421875 0.114296875
0 0.849609375 0.3812239583333333 0.11935546875 0.14033854166666668
2 0.5908203125 0.33203125 0.087890625 0.12876302083333332
2 0.464951171875 0.35445312500000004 0.068359375 0.09548177083333333
0 0.734052734375 0.24161458333333333 0.079208984375 0.16203125
0 0.50021484375 0.5873828125 0.067275390625 0.09259114583333333