1 0.44216796875 0.6589973958333334 0.059677734375 0.05932291666666667
0 0.494248046875 0.64453125 0.0726953125 0.09692708333333333
0 0.25662109375 0.4665755208333333 0.074873046875 0.10272135416666667
0 0.32443359375 0.44415364583333333 0.091142578125 0.1186328125
0 0.5219140625 0.4644140625 0.05859375 0.09548177083333333
0 0.804580078125 0.5092578125 0.08572265625 0.08680989583333333
0 0.841474609375 0.6922786458333333 0.08572265625 0.12587239583333334
2 0.433486328125 0.37036458333333333 0.094404296875 0.09838541666666667
2 0.386826171875 0.30526041666666665 0.0726953125 0.08970052083333334
2 0.68087890625 0.3985807291666667 0.05099609375 0.0766796875
2 0.914716796875 0.3334765625 0.05859375 0.06510416666666667
2 0.587568359375 0.3819401041666666 0.061845703125 0.081015625