0 0.48515625 0.3817578125 0.15528645833333335 0.113359375
0 0.13501302083333333 0.245341796875 0.1594140625 0.11498046875
0 0.22177083333333333 0.520458984375 0.14997395833333335 0.10716796875
0 0.24803385416666668 0.4066015625 0.15065104166666668 0.12189453125
0 0.37734375000000003 0.26369140625 0.14700520833333333 0.10822265625
0 0.3472005208333333 0.34728515625 0.13856770833333334 0.110751953125
0 0.28933593750000003 0.61345703125 0.14786458333333333 0.1125
0 0.5154427083333334 0.56630859375 0.14571614583333334 0.093662109375
0 0.7468880208333334 0.33564453125 0.13290364583333333 0.105751953125
0 0.7594270833333333 0.442109375 0.11225260416666666 0.099130859375
0 0.5166927083333334 0.276328125 0.129921875 0.094609375
0 0.10618489583333333 0.662119140625 0.12617187500000002 0.11833984375
0 0.1073046875 0.4488671875 0.12838541666666667 0.1172265625
0 0.5255598958333333 0.724921875 0.14765625000000002 0.115859375
0 0.7192447916666667 0.694404296875 0.11725260416666666 0.112001953125
0 0.6297786458333333 0.602646484375 0.13653645833333333 0.109169921875
0 0.2128385416666667 0.70474609375 0.14123697916666667 0.102958984375
0 0.43319010416666665 0.6179296875 0.13063802083333334 0.098564453125
0 0.3505859375 0.699443359375 0.1362109375 0.09693359375
0 0.7606770833333334 0.530380859375 0.145234375 0.078994140625
0 0.7558984375 0.60591796875 0.13261718749999998 0.085986328125
0 0.11997395833333334 0.555546875 0.13850260416666668 0.101875
0 0.12524739583333333 0.343125 0.1368359375 0.102431640625