0 0.05490885416666667 0.1800390625 0.10287760416666668 0.085009765625
2 0.38897135416666667 0.173955078125 0.09100260416666667 0.070556640625
1 0.21013020833333332 0.261083984375 0.09618489583333334 0.071005859375
0 0.14408854166666665 0.400625 0.095234375 0.066474609375
0 0.11748697916666667 0.29998046875 0.09080729166666666 0.084736328125
0 0.5800260416666666 0.441689453125 0.11020833333333334 0.070849609375
0 0.7111979166666668 0.45380859375 0.08286458333333334 0.069921875
0 0.36942708333333335 0.949384765625 0.11899739583333334 0.084501953125
0 0.6827083333333334 0.816865234375 0.10213541666666666 0.073330078125
2 0.3561328125 0.745224609375 0.09239583333333333 0.07185546875
2 0.420234375 0.566494140625 0.077265625 0.066591796875
2 0.3939713541666667 0.451650390625 0.07658854166666666 0.06560546875
2 0.24989583333333332 0.373828125 0.09644531249999999 0.063193359375
2 0.8077864583333333 0.778359375 0.0869921875 0.0763671875
2 0.6121744791666667 0.2507421875 0.07694010416666668 0.061748046875
0 0.58390625 0.130498046875 0.09358072916666667 0.065966796875