0 0.5543157894736842 0.399066265060241 0.03225563909774436 0.020464357429718874
0 0.4094586466165414 0.35554467871485945 0.01894736842105263 0.012351907630522088
0 0.4198157894736842 0.34277861445783137 0.021409774436090226 0.014676204819277108
0 0.5283157894736842 0.5911847389558234 0.021105263157894738 0.01644578313253012
0 0.5330225563909774 0.5751782128514057 0.01574436090225564 0.010552208835341366
0 0.654921052631579 0.5530321285140563 0.021214285714285713 0.012846385542168675
0 0.8969774436090225 0.43663905622489957 0.019601503759398495 0.014939759036144579
1 0.7280751879699249 0.38475150602409636 0.020785714285714286 0.01621234939759036
1 0.6783157894736842 0.39761546184738955 0.016011278195488723 0.016400602409638556
1 0.6585413533834586 0.4078664658634538 0.031225563909774438 0.018333333333333333
1 0.7006954887218044 0.406320281124498 0.01818045112781955 0.01756024096385542
1 0.5939360902255638 0.4316566265060241 0.03239097744360902 0.021807228915662648
1 0.4327067669172932 0.48325301204819276 0.0193796992481203 0.015313755020080321
1 0.4451654135338346 0.5018247991967871 0.028714285714285713 0.019505522088353412
1 0.4796428571428571 0.49012048192771085 0.022849624060150377 0.011639056224899597
1 0.4950714285714286 0.5023569277108434 0.023654135338345865 0.017861445783132528
1 0.5179586466165413 0.5000351405622491 0.021338345864661653 0.017861445783132528
1 0.5046278195488721 0.47977158634538153 0.021541353383458646 0.0176355421686747
1 0.5522180451127819 0.4987776104417671 0.035394736842105264 0.020376506024096387
1 0.5662706766917293 0.4819026104417671 0.030473684210526316 0.016405622489959838
1 0.5831428571428572 0.539347389558233 0.022109022556390977 0.012592871485943775
1 0.611390977443609 0.5441340361445783 0.024714285714285713 0.01694277108433735
1 0.6231992481203008 0.5388152610441767 0.01686466165413534 0.01690512048192771
1 0.5921954887218045 0.5553037148594377 0.02717669172932331 0.015489457831325302
1 0.6772293233082707 0.5020632530120482 0.01818421052631579 0.015213353413654618
1 0.6983796992481203 0.4962625502008032 0.019481203007518797 0.014959839357429719
1 0.7781954887218046 0.4838328313253012 0.023672932330827068 0.016475903614457832
1 0.7745751879699247 0.5008584337349398 0.0322406015037594 0.019118975903614457
1 0.744296992481203 0.502015562248996 0.018462406015037593 0.01801706827309237
1 0.7237293233082707 0.49277861445783133 0.022522556390977444 0.016375502008032127
1 0.6211541353383458 0.36707580321285144 0.03432330827067669 0.016526104417670683
1 0.6940714285714286 0.3739558232931727 0.028879699248120297 0.02582329317269076