1 0.7705070281124498 0.41612406015037595 0.048378514056224904 0.06909398496240601
0 0.6200225903614458 0.5927932330827067 0.04735441767068273 0.07656390977443608
0 0.376355421686747 0.8347706766917292 0.06454317269076305 0.0774360902255639
0 0.5953413654618475 0.08878571428571429 0.04317520080321285 0.08359022556390977
1 0.7585868473895583 0.442906015037594 0.04712600401606426 0.08318045112781955
1 0.47214859437751006 0.3915338345864662 0.05030622489959839 0.08945864661654136
1 0.48825552208835343 0.3000676691729323 0.04235441767068273 0.06818421052631579
1 0.5584262048192771 0.22301127819548874 0.043391064257028114 0.06820300751879699
1 0.6305848393574297 0.18401503759398496 0.03710592369477912 0.056
1 0.25252259036144575 0.7492969924812031 0.04529116465863454 0.07566165413533835
1 0.0879191767068273 0.867703007518797 0.032346887550200806 0.04179699248120301
1 0.06606174698795181 0.8991842105263158 0.03256024096385542 0.05400751879699248
1 0.1256726907630522 0.9640338345864662 0.03898092369477912 0.060657894736842105
1 0.08216867469879519 0.9604285714285713 0.038137550200803214 0.0659812030075188