1 0.42150602409638555 0.3062481203007519 0.011330321285140563 0.022206766917293234
1 0.43304969879518074 0.31489097744360905 0.016506024096385543 0.023037593984962405
1 0.4490035140562249 0.3117142857142857 0.012095883534136546 0.021766917293233084
1 0.44963855421686744 0.27834962406015035 0.018200301204819278 0.028187969924812033
1 0.4788729919678715 0.31825563909774435 0.01301706827309237 0.019533834586466167
1 0.5385717871485944 0.3347781954887218 0.014791666666666667 0.023597744360902256
1 0.5523619477911647 0.3223270676691729 0.017203815261044177 0.028759398496240603
1 0.5463780120481928 0.2719360902255639 0.01541917670682731 0.023537593984962406
1 0.5804919678714859 0.32543984962406014 0.012369477911646587 0.026345864661654134
1 0.5633509036144578 0.3490751879699248 0.011393072289156626 0.01787593984962406
1 0.5728965863453815 0.3596278195488722 0.016867469879518072 0.025086466165413535
1 0.5989482931726908 0.3536541353383459 0.012628012048192772 0.02330451127819549
1 0.5893599397590362 0.36668045112781955 0.01754769076305221 0.02699248120300752
1 0.6911947791164658 0.4508157894736842 0.013255522088353414 0.023789473684210527
1 0.662156124497992 0.5226127819548873 0.014252008032128515 0.017432330827067667
1 0.668539156626506 0.4640639097744361 0.012000502008032128 0.019793233082706765
1 0.5583082329317269 0.9001315789473684 0.013152610441767068 0.020578947368421054
1 0.5555948795180722 0.8783834586466165 0.011965361445783133 0.016917293233082706
1 0.5330245983935743 0.9006315789473683 0.013649598393574297 0.022578947368421053
1 0.5439131526104417 0.8910112781954888 0.016405622489959838 0.02232706766917293
1 0.5107429718875501 0.8507669172932331 0.012889056224899598 0.022672932330827067
1 0.5045256024096385 0.8258947368421053 0.013308232931726909 0.01793233082706767
1 0.5033157630522088 0.7462894736842106 0.017063253012048193 0.02420300751879699
1 0.5354442771084338 0.7254812030075188 0.013220381526104419 0.019334586466165413
0 0.2757956827309237 0.29456015037593986 0.02015813253012048 0.029984962406015038
0 0.25014056224899595 0.3512368421052631 0.013107429718875501 0.025169172932330827
0 0.2742118473895582 0.3658120300751879 0.018295682730923694 0.024710526315789474
0 0.4769904618473895 0.5755375939849624 0.017653112449799196 0.016270676691729324
0 0.4689934738955823 0.5993421052631579 0.01795682730923695 0.02531203007518797
0 0.5612299196787148 0.8131315789473683 0.020150602409638556 0.03344736842105263
0 0.5544402610441767 0.8587067669172932 0.02166164658634538 0.02787218045112782
0 0.4671410642570281 0.3026842105263158 0.020891064257028115 0.019586466165413534
0 0.47247489959839356 0.2867142857142857 0.02517570281124498 0.019586466165413534
0 0.4670908634538153 0.2628345864661654 0.022600401606425704 0.03118796992481203
0 0.43400100401606423 0.26833082706766914 0.013152610441767068 0.0322406015037594
0 0.5191440763052209 0.2679548872180451 0.01142570281124498 0.023353383458646616
0 0.5102911646586346 0.3524022556390977 0.020278614457831325 0.02139473684210526
0 0.5500225903614457 0.3670187969924812 0.016448293172690764 0.02531203007518797
0 0.6115788152610442 0.38396616541353384 0.01522590361445783 0.020338345864661656
0 0.719402610441767 0.4700714285714286 0.01359437751004016 0.023503759398496242
0 0.7352961847389559 0.4653270676691729 0.014171686746987952 0.018834586466165416
0 0.7352961847389559 0.4470187969924812 0.009164156626506024 0.01356015037593985
0 0.7056250000000001 0.2856578947368421 0.010178212851405622 0.016270676691729324
0 0.7210140562248996 0.26750375939849624 0.010778112449799196 0.017026315789473685
0 0.7389683734939759 0.2749624060150376 0.009866967871485945 0.0183796992481203