0 0.36050451807228917 0.4804962406015037 0.02061495983935743 0.026353383458646615
0 0.43363704819277105 0.39335714285714285 0.01587098393574297 0.024120300751879698
0 0.5270933734939759 0.6464736842105263 0.019515562248995984 0.02678947368421053
0 0.734121485943775 0.45794736842105266 0.014106425702811246 0.03151127819548872
0 0.6646460843373494 0.30799248120300754 0.01583835341365462 0.02543233082706767
0 0.3150050200803213 0.36428195488721804 0.015230923694779117 0.027661654135338345
0 0.38728915662650604 0.2190827067669173 0.01492218875502008 0.022154135338345864
0 0.3775125502008032 0.20710526315789474 0.015220883534136547 0.026150375939849625
0 0.4103990963855422 0.24315413533834584 0.016696787148594378 0.0263609022556391
0 0.3799497991967872 0.23652255639097744 0.014696285140562248 0.026417293233082704
1 0.47241465863453813 0.3180827067669173 0.01710090361445783 0.034078947368421056
1 0.4018298192771085 0.28114661654135337 0.014033634538152609 0.021466165413533835
1 0.38192771084337346 0.3152857142857143 0.013376004016064256 0.021236842105263158
1 0.3754417670682731 0.3323007518796992 0.017555220883534135 0.030233082706766917
1 0.6070532128514057 0.4664624060150376 0.015672690763052208 0.02490225563909774
1 0.6037073293172691 0.4873759398496241 0.015321285140562248 0.018342105263157896
1 0.7612751004016064 0.41912030075187967 0.013812751004016065 0.024860902255639097
1 0.2691967871485944 0.5423157894736842 0.010524598393574298 0.015612781954887219
1 0.2641691767068273 0.5518571428571428 0.011598895582329318 0.015827067669172933
1 0.29167419678714857 0.5503195488721804 0.013009538152610441 0.017146616541353382
1 0.28545180722891567 0.5680451127819549 0.013744979919678714 0.020575187969924812
1 0.2723217871485944 0.5679736842105263 0.015015060240963855 0.02481578947368421
1 0.06644578313253013 0.47906015037593985 0.009626004016064258 0.013601503759398496
1 0.05844628514056225 0.48236090225563905 0.010833333333333332 0.015718045112781957
1 0.05861194779116466 0.4990413533834587 0.011498493975903615 0.01845112781954887
1 0.0823820281124498 0.4854736842105263 0.015316265060240964 0.017458646616541354
1 0.08036897590361446 0.5040827067669172 0.010537148594377509 0.013593984962406014
1 0.08620732931726907 0.5113947368421052 0.013275602409638555 0.016218045112781954
1 0.0769402610441767 0.5236541353383459 0.013406124497991967 0.01651503759398496