1 0.3676466165413534 0.4593273092369478 0.032124060150375944 0.01799698795180723
0 0.28693233082706765 0.47043925702811246 0.02531203007518797 0.019573293172690763
0 0.1643609022556391 0.4421234939759036 0.017530075187969927 0.012607931726907629
1 0.2286390977443609 0.5536194779116466 0.029917293233082707 0.01796937751004016
0 0.291109022556391 0.5388353413654619 0.02531203007518797 0.017417168674698794
0 0.37614661654135334 0.5459939759036144 0.019030075187969925 0.017228915662650602
0 0.3908383458646617 0.5346034136546185 0.020838345864661652 0.02067269076305221
1 0.3343609022556391 0.44849397590361445 0.0223796992481203 0.018092369477911645
1 0.42524436090225565 0.418504016064257 0.02612781954887218 0.01782128514056225
1 0.43993984962406013 0.43370983935742974 0.026263157894736842 0.021518574297188755
1 0.2203533834586466 0.420828313253012 0.02086466165413534 0.013541666666666667
1 0.307406015037594 0.38790913654618475 0.029488721804511276 0.018014558232931726
1 0.17689473684210527 0.5399974899598393 0.01919924812030075 0.015835843373493978
1 0.19618796992481202 0.551390562248996 0.021842105263157895 0.0166214859437751
1 0.3363796992481203 0.42952309236947794 0.018898496240601505 0.010286144578313252
1 0.3727330827067669 0.43705572289156625 0.019725563909774434 0.015306224899598393
1 0.3577593984962406 0.43315010040160645 0.014018796992481203 0.01418925702811245
1 0.6761691729323308 0.3966490963855422 0.015086466165413535 0.015409136546184738
1 0.678327067669173 0.453468875502008 0.014109022556390977 0.01409136546184739
1 0.7501992481203007 0.5504593373493977 0.024127819548872182 0.013880522088353412
1 0.7651015037593986 0.6026280120481927 0.0216203007518797 0.015168172690763052
1 0.5184248120300752 0.45979166666666665 0.014135338345864662 0.008140060240963856
0 0.035921052631578944 0.3844678714859438 0.018139097744360903 0.012622991967871486
0 0.04889097744360903 0.3787023092369478 0.018939849624060152 0.010765562248995985
1 0.4369172932330827 0.7948795180722892 0.019421052631578947 0.015005020080321285
0 0.4639398496240601 0.7911596385542169 0.021646616541353383 0.013145080321285139
1 0.4900563909774436 0.7487550200803212 0.0178796992481203 0.016506024096385543
1 0.8714962406015037 0.32523092369477913 0.012928571428571428 0.011927710843373495
1 0.9405789473684211 0.29773845381526104 0.016221804511278196 0.011096887550200803
1 0.9344511278195489 0.312535140562249 0.007733082706766917 0.007944277108433734
1 0.9566127819548873 0.31211345381526107 0.008672932330827068 0.013401104417670683
0 0.8761353383458647 0.2319929718875502 0.01937218045112782 0.016257530120481926
0 0.90646992481203 0.2945908634538153 0.01779699248120301 0.013616967871485943
1 0.8765075187969925 0.6197314257028113 0.018387218045112782 0.012884036144578313
1 0.9390075187969925 0.5820758032128514 0.017454887218045112 0.014851907630522089
1 0.5696541353383459 0.5942344377510039 0.016736842105263158 0.011965361445783133