0 0.3125187969924812 0.409796686746988 0.022067669172932333 0.015471887550200803
0 0.32389473684210524 0.4034588353413655 0.023165413533834587 0.015998995983935744
0 0.5037368421052631 0.43253263052208835 0.03255639097744361 0.02196285140562249
0 0.5866766917293232 0.4486671686746988 0.01857518796992481 0.020281124497991968
0 0.6098233082706768 0.44678463855421685 0.034 0.01869226907630522
0 0.6087218045112782 0.42813253012048197 0.029086466165413535 0.020707831325301206
0 0.5649398496240602 0.43247991967871485 0.032545112781954884 0.022487449799196788
0 0.5827518796992481 0.4731300200803213 0.03144360902255639 0.021217369477911648
0 0.5618796992481203 0.46490712851405624 0.030507518796992483 0.01964859437751004
1 0.30859398496240603 0.3767771084337349 0.027406015037593986 0.017334337349397592
1 0.37081954887218044 0.4348192771084337 0.025984962406015038 0.01480421686746988
1 0.47031203007518796 0.4505873493975904 0.027225563909774438 0.01972389558232932
1 0.2688157894736842 0.19457078313253012 0.022233082706766917 0.015060240963855422
1 0.23915413533834587 0.11169678714859438 0.02129699248120301 0.016551204819277108
1 0.03687218045112782 0.5164056224899599 0.030586466165413533 0.017146084337349397
0 0.42158270676691734 0.3682781124497992 0.014402255639097744 0.006405622489959839