0 0.24340977443609024 0.3755070281124498 0.04432706766917293 0.0363679718875502
0 0.3021315789473684 0.37350401606425704 0.07439097744360902 0.04524598393574297
0 0.34069172932330827 0.4699121485943775 0.04653383458646616 0.04079066265060241
1 0.36640225563909773 0.4361119477911647 0.05605263157894737 0.04058985943775101
0 0.3021278195488722 0.44914658634538157 0.03987218045112782 0.0348644578313253
1 0.12851127819548872 0.49703815261044176 0.04307518796992481 0.023832831325301205
1 0.49161654135338345 0.6613704819277109 0.04556015037593985 0.03332329317269076
1 0.5239924812030075 0.7340562248995984 0.03793609022556391 0.033727409638554216
1 0.5825526315789473 0.7682781124497993 0.06173308270676692 0.04240712851405622
1 0.3854548872180451 0.4905923694779116 0.05225563909774436 0.03510291164658634
1 0.4819436090225564 0.5435692771084337 0.043353383458646616 0.029154116465863456
1 0.4681390977443609 0.4988579317269076 0.04811654135338346 0.023657128514056224
1 0.5354285714285715 0.5768398594377511 0.03414285714285714 0.021940261044176707
1 0.49559398496240603 0.6219754016064256 0.047796992481203004 0.028285642570281124
1 0.6787330827067669 0.6643549196787149 0.04459398496240602 0.03929216867469879
1 0.675875939849624 0.7123519076305221 0.0465 0.0348293172690763
1 0.9896278195488721 0.8694829317269076 0.0207406015037594 0.029914658634538155
1 0.9244022556390977 0.8935341365461847 0.036939849624060155 0.03096636546184739
1 0.9401203007518796 0.9238403614457831 0.04654135338345865 0.030494477911646584
1 0.970906015037594 0.9570055220883534 0.04042481203007519 0.03410642570281124
1 0.6903195488721805 0.5927309236947791 0.04681578947368421 0.0333785140562249
1 0.6395338345864662 0.5905070281124498 0.04936466165413534 0.031049196787148594
1 0.5966842105263158 0.603644578313253 0.04619548872180451 0.03612951807228915
1 0.698890977443609 0.5533182730923695 0.025864661654135337 0.025760542168674697
1 0.7998233082706767 0.5484437751004017 0.04108646616541354 0.031272590361445786
1 0.8566390977443609 0.4958910642570281 0.029015037593984966 0.024505522088353413