0 0.5338303212851406 0.47522180451127816 0.022015562248995982 0.056022556390977446
0 0.5110893574297188 0.4792406015037594 0.030070281124497993 0.048417293233082706
0 0.45450803212851404 0.5284548872180451 0.02311495983935743 0.039928571428571424
0 0.5502961847389558 0.5937443609022556 0.0192570281124498 0.04404135338345865
0 0.616812248995984 0.4577330827067669 0.01997238955823293 0.03147368421052631
0 0.621418172690763 0.5020563909774436 0.02265562248995984 0.03537218045112782
0 0.5717670682730924 0.4828270676691729 0.010838353413654618 0.02038721804511278
1 0.38407379518072293 0.5741353383458647 0.027622991967871484 0.03546240601503759
1 0.39187248995983937 0.6160187969924812 0.025373995983935745 0.029909774436090227
1 0.4138504016064257 0.6033082706766917 0.019711345381526104 0.027958646616541356
1 0.44591616465863454 0.6028233082706766 0.02265562248995984 0.03233458646616542
1 0.4789206827309237 0.5869624060150376 0.021644076305220885 0.03276691729323308
1 0.511706827309237 0.5849511278195488 0.018747489959839356 0.024398496240601506
1 0.533468875502008 0.5813646616541354 0.02397339357429719 0.03156766917293233
1 0.5501506024096386 0.551654135338346 0.010630020080321285 0.026454887218045113
1 0.5667996987951808 0.5334022556390977 0.022166164658634538 0.025146616541353382
1 0.5775 0.5119473684210526 0.019482931726907633 0.0308984962406015