0 0.6759048641667303 0.22473791345958555 0.6845773296077526 0.22005648516291085 0.6973731791951139 0.22005648516291085 0.7065130335046831 0.22362060143133708 0.7119969594789157 0.22992635718334473 0.7119969594789157 0.2370545897201972 0.702125892725297 0.24692446174063098 0.6959108212494703 0.252956058564357 0.6809214012724162 0.2562460159045016 0.6714159072695941 0.252956058564357 0.6673944061834608 0.24774695107566713 0.6670287664902083 0.23897373986874237 0.6684911913783074 0.23349047345177093
0 0.6649353503664789 0.2806824338408682 0.6597169098195353 0.28503314263076684 0.6586201246246888 0.2921613751676193 0.6659319812953617 0.29901546132638146 0.674340690103337 0.2998379506614176 0.681286974023213 0.30285373652308933 0.6907924680260349 0.30257959014499897 0.694814036054624 0.29764464158459075 0.6977387519459111 0.2899680786409838 0.7006635347796534 0.2842106532957307 0.7006635347796534 0.27790489754372316 0.695179608805421 0.27406660979682396 0.6875021124414953 0.2729699615335063 0.6794590433267728 0.2718733132701885
0 0.6759048641667303 0.26258273607045324 0.6842117568569556 0.2567943337610648 0.6944483963613715 0.2537785478993931 0.7046851028082426 0.25597184442602866 0.7072442459487326 0.2584393124311371 0.7076098186995295 0.2650192271114263 0.7076098186995295 0.2729699615335063 0.705781888003089 0.28283983355394005 0.7010291075304504 0.28174318529062226 0.6973731791951139 0.27406660979682396 0.6907924680260349 0.27242163112675166 0.6794590433267726 0.27187331327018843 0.6728783321576935 0.2746149402035785 0.6684911913783074 0.26885751485832543
0 0.6386085172458753 0.28273921767841537 0.6275444994757334 0.28283983355394005 0.6165766475272684 0.28558146048733013 0.6114583612462884 0.2885972588991931 0.608168005661749 0.29737048265630917 0.6088991511633427 0.3053212045281978 0.6158455020256746 0.31107862987345086 0.6304692823094763 0.31327195150046894 0.6403403490630949 0.31738439817564973 0.6542329838453027 0.311901119208487 0.6619104802092283 0.30395039733659834 0.6626416257108222 0.2940805253161645 0.6589856973754855 0.28612979089408463
0 0.592536559284819 0.2560010277903023 0.6023184399942635 0.255697685497747 0.6125551464411348 0.2611809519147185 0.6158455020256745 0.26803502552328934 0.6180390724153675 0.27790489754372316 0.6136519316359814 0.2839364818172578 0.6026840796875161 0.2847589711522939 0.594275370879541 0.2847589711522939 0.5931785856846945 0.28009820662054996 0.5928130129338975 0.2685833559300438
0 0.6073454029151585 0.23296504880977417 0.6132862919427288 0.23321631452348932 0.6180390724153676 0.2381512505337062 0.6205982155558575 0.2441828348072409 0.6205982155558575 0.24939192974573945 0.6187702179169613 0.2532302174926386 0.6118239339970853 0.25597184442602866 0.6004905092978232 0.252956058564357 0.5917162277390511 0.25240772815760243 0.5909850152950015 0.24747279214738552 0.5968345140200308 0.24061871853881467
0 0.9567244174531689 0.8216165831157706 0.9443533579369467 0.8292316904477848 0.9370414343238183 0.8380049016547095 0.937041434323818 0.8470522843401073 0.9385037922694617 0.8550030313123784 0.9483748590230804 0.8648729033328124 0.9556867826362091 0.868985350007993 0.9666546345846742 0.8703561571995924 0.9805472693668821 0.8698078393430292 0.9937086917050401 0.8662437105244116 0.9995581904300698 0.8596637958441224 1 0.8273125402992396 0.9915151213153471 0.8234742651025317 0.9768912740890896 0.8201843077623872
0 0.5300103306233854 0.8026941718103368 0.5235534158666798 0.8094919464069171 0.5191662750872937 0.8160718610872064 0.5191662750872937 0.8237484365810046 0.5242846283107293 0.8300541797828209 0.5348868405659419 0.8344407979364746 0.5476826901533033 0.8371824123196734 0.5582849693509716 0.8352632872715108 0.5699839668010307 0.8316991584528932 0.5751023200244662 0.8242967544375679 0.5761991052193128 0.8152493717521702 0.5703496064942832 0.8075727962583719 0.5630376828811545 0.8001703922430465 0.5538978285715854 0.7955096277113025 0.5462203322076598 0.7933163311846669 0.5440267618179668 0.7968804349029021 0.5407364062334272 0.8004445637215195 0.5392739813453281 0.798251267194884
0 0.6106362570552339 0.8425957782587515 0.6160489449845846 0.8355374336496011 0.6240920810417628 0.8330699656444926 0.6332319353513319 0.8352632872715108 0.6438342145490001 0.840472369659818 0.6471245701335396 0.8473264558185801 0.651146071219673 0.8533580526423062 0.6504149257180794 0.8585671350306133 0.6482213553283862 0.8632279246627398 0.6394470737696141 0.8673403713379206 0.6310383649616388 0.8720011358696647 0.6178769426234806 0.8728236252047009 0.6112962314544015 0.8698078393430292 0.6047155202853223 0.8610346030357219 0.6039843078412727 0.8547288598339056 0.6039843078412728 0.846778137962017
0 0.5738883858243914 0.9030652230826381 0.5732743223855703 0.9090131559462914 0.5754678927752632 0.9128514311429993 0.5820486039443423 0.9188830279667254 0.5915540979471641 0.9186088564882525 0.5955756659757533 0.9131256026214724 0.5981348091162432 0.9073681772762193 0.5889949548066742 0.9010624340744029
0 0.5354950875235112 0.8886677362198079 0.5228222034226302 0.8950308372506769 0.5279405566460659 0.9062715164627102 0.5341556950643481 0.9120289418079633 0.5487794753481497 0.9164155599616169 0.5601129000474119 0.9139480919565085 0.5641344680760011 0.9059973700846199 0.5652312532708476 0.8991432839258577 0.5560913989612785 0.8900959012404601
0 0.5272679521733226 0.9598324569989395 0.5195318478380906 0.9704256845955299 0.5220910579210364 0.9838597105349639 0.5253814135055759 0.9898912822583072 0.534521267815145 0.9929070932203615 0.5480482629041002 0.9937295825553977 0.5634032556319515 0.9879721572101446 0.5696183940502336 0.9786505779458914 0.5688871816061841 0.9676840702123312 0.5495106877921994 0.9575400267134244 0.541467551735021 0.9567175373783884
0 0.49490788646258055 0.9697050194191659 0.4968649649683385 0.9616524984889877 0.49796175016318495 0.9520567728466444 0.5103919935285216 0.9460251760229185 0.5239189886174767 0.9460251760229185 0.5304996997865559 0.9482184725495538 0.5392739813453281 0.9517826013681713 0.5392739813453281 0.956169219521825 0.5217254182277837 0.960555812575096 0.5173382774483977 0.9720706632656023 0.5209942727261898 0.9833113675780182 0.5125855639182145 0.9887946465451808 0.5060048527491355 0.9824888782429818
0 0.5865033266946806 0.9795775818393923 0.5926508831420105 0.9866013249181628 0.6028875226464262 0.9951003646466144 0.614221014288144 0.99537456122547 0.6211672982080201 0.989617135880217 0.6218985106520697 0.9797472638597833 0.6325007229072822 0.9715223705094216 0.6200705130131737 0.9679582165904215 0.608005875869862 0.9619266448670781 0.6025219498956293 0.9630232805802048 0.5985003818670402 0.966039091542259 0.5911885251963673 0.975360620605747
0 0.40221549485045544 0.9976772796098073 0.39632633326448347 0.9907137715933434 0.3999822615998198 0.9772797958546747 0.41460607535484933 0.9668615808772952 0.42009000132908203 0.960555812575096 0.43617617302975503 0.9608300091539516 0.4497032015899381 0.961926644867078 0.459208662121532 0.9693290488824035 0.46103665976042807 0.976183109940783 0.4646925880957646 0.9841338569130541 0.45957426834355675 0.9920846038853254 0.44897202261711633 0.9989386649437049
0 0.5031350218127693 0.9121150719678456 0.4983273563852098 0.9188830279667254 0.49796175016318495 0.9301237071787587 0.5012521057477246 0.9364294754809573 0.5125855639182145 0.9375261111940839 0.5235534158666798 0.9353328146674484 0.5308653394798085 0.9290270714656321 0.537080410955635 0.9227213031634333 0.5356180530099915 0.9131256026214724 0.529768554284962 0.9079164951327825 0.5191662750872937 0.9057231986061469 0.507101637943982 0.9076423487546922