0 0.170210277975136 0.5166640999918459 0.16173882530322212 0.511809008732988 0.1507709524822181 0.5101640271496511 0.14199665422541471 0.5112606648049243 0.1317599282974223 0.5205822354773082 0.12700720572251484 0.5230497078523133 0.12554481152261712 0.5301779530132968 0.1324911421330169 0.5411445052690174 0.13943743927212507 0.5485469223940328 0.15150209937522954 0.5504660759414013 0.15881403690342674 0.5510143947690378 0.16612597443162375 0.5466277688466641 0.1741690588528323 0.5381287140663757
0 0.7777316938806562 0.6308393742256474 0.7747102985595556 0.6220897386091397 0.7721695331855105 0.619549281089197 0.7639826569971448 0.6197609923432432 0.7512788301269182 0.6214546242291541 0.7461972993788276 0.6237833704950506 0.745632667620594 0.6337335087029279 0.7447857458292456 0.641354881262756 0.7481734329946393 0.643260224402713 0.7538195955009636 0.6447421450345778 0.7620064716893292 0.6487645619506907 0.7693464777783503 0.6479177169345062 0.7749926402846745 0.6426251100227273 0.7783803274500684 0.636485658094764
0 0.8281310799382943 0.5787458911576684 0.840770198284734 0.5746678713642603 0.8464163607910583 0.5746678713642605 0.8481102043737553 0.5767849063761108 0.8500863379895669 0.5818658214159962 0.856014790529006 0.5852531045699707 0.859120187661285 0.59012230835581 0.8602493994857481 0.5947798202697557 0.8554502104627764 0.6017660784495983 0.8506509697478004 0.6036714215895551 0.8427463835925497 0.5994373321837017 0.8402056182185043 0.5975319890437447 0.8385117746358075 0.5880052733439595
0 0.9196123184966963 0.559052013412457 0.9226393220124178 0.5649294444104291 0.9330846735417141 0.5678933050563114 0.9415538914551983 0.5691635338162828 0.9491761875773342 0.5670464988044323 0.9545400600505436 0.5628123900164261 0.9599038808317492 0.5585783006105725 0.958774669007286 0.5530739824447476 0.9562339036332406 0.5511686393047905 0.9548223500836586 0.5503218136707587 0.9409893113889687 0.5475696448967698 0.9291324063100905 0.5545559030766123
0 0.8052607702986937 0.44914746986659887 0.7989887404755456 0.44700987129606384 0.7950364215519184 0.4455279409731227 0.786284913605319 0.4472215728590336 0.7761218521091378 0.4506088560130081 0.7718872431523957 0.45823022857283613 0.774145718493326 0.4630994323586754 0.7778156956918346 0.4675452330185751 0.781768014615462 0.47114421773551934 0.7896726007707128 0.47220274493252096 0.8009648740913573 0.4751666055784032 0.8085871702134934 0.4719910336784748 0.8139510426867027 0.46691011863858944 0.8159271763025144 0.4605589748387327 0.8131041208953541 0.4554780597988473
0 0.8018725762780122 0.4265948034164373 0.80745795838903 0.4245691664335955 0.8184679416765597 0.4264745095735525 0.821008707050605 0.4343075836963503 0.8201617852592565 0.4421406578191482 0.8181856516434448 0.44891521443602084 0.8091518019717269 0.44997374163302245 0.7989887404755458 0.44616305535310835 0.7978595286510823 0.44065872749620705
0 0.8518484380830651 0.44692396754052666 0.8461340707579434 0.4508205575759779 0.8410525400098527 0.45823022857283613 0.840770198284734 0.4647930739356626 0.8455694389997097 0.47156763055253526 0.8546032886714278 0.4753783168324493 0.8582732658699364 0.4745314911984175 0.8735178581142083 0.47347297369249225 0.8788816788954138 0.4709325161725496 0.8794463106536474 0.4607706860927788 0.8690009591243513 0.45505465667290773
0 0.8823421842691992 0.4605826246863992 0.890738583974292 0.4539961294759062 0.9014662772287069 0.4508205575759779 0.9093708633839576 0.4508205575759779 0.9136054723406999 0.45314931353295085 0.9220746902541841 0.45801851731879 0.9311085399259021 0.46648671551264986 0.92687393096916 0.4783421774783316 0.9096532051090762 0.48448161971521847 0.893561691073456 0.4846933212781883 0.882833997819041 0.47664854559242065 0.880010942411881 0.4633111436127215
0 0.9111418334449924 0.4364417422890431 0.919251634847024 0.43134371335939176 0.9294146963432052 0.4281681414594634 0.9415538914551983 0.43219053899342363 0.9469177639284078 0.4379065684132946 0.9460708421370592 0.44637475691607814 0.9426831549716654 0.45230248789891897 0.9353431488826444 0.45547805979884737 0.9215101101879545 0.4554780597988473 0.9141701040989334 0.45251419915296515 0.9113470486917731 0.4501854431959922
0 0.8839092432189933 0.7434339197282088 0.8824978822649768 0.7404680726332474 0.8798891603309341 0.7382944044117378 0.8764108644188768 0.737642302950257 0.8719180478409418 0.7385117682488052 0.8698890595837697 0.7404680726332474 0.8687296187673199 0.7424243770176897 0.8661208968332771 0.7439459537279972 0.8690194856057554 0.7473151379787953 0.8724977815178125 0.748836714689103 0.8759760774298696 0.7507930190735452 0.8785847993639125 0.7504669683428048 0.882932669253984 0.7475325117661414
0 0.8081712503982181 0.23646154579063233 0.8069825938732708 0.2350400029290941 0.807041391794586 0.23301159528236073 0.8079822123700223 0.2318651061100802 0.8090994482431609 0.23102728477047707 0.810275471270737 0.23058632957034075 0.8127451347022755 0.23058632957034075 0.8140975730275538 0.23190920324492986 0.8146855845413417 0.23393760685457315 0.8122747297979964 0.2357896299989979
0 0.8100237750994318 0.23765245452712683 0.8094522573048093 0.2390968141854707 0.8094522573048093 0.2405519752275187 0.8109222914727182 0.2419630431718072 0.8138035618872207 0.24169846843688936 0.8149207977603594 0.2411693189670537 0.8158616183357956 0.23914091132032037 0.8150972022911834 0.23768575027827235 0.8143915841678866 0.2368038358409096 0.813391954904257 0.23662745133860102 0.8117455162055238 0.23658335420375134
0 0.12084746587400427 0.5619133444178833 0.10763060809121335 0.5570460022747483 0.1032434589628117 0.546901940810696 0.10470585316270943 0.536483732483039 0.11274897105520963 0.5290813153580237 0.12371684387621369 0.52469468943565 0.13322235596861165 0.5249688613996818 0.14163101383632598 0.5290813153580236 0.14894295136452296 0.5320971065606653 0.15333010049292473 0.5400478425133173 0.1577172496213262 0.5471761127747277 0.15333010049292467 0.5559493395190479 0.14272780111842628 0.5584168118940531
0 0.1603377155549097 0.5639701282554306 0.15259888665732999 0.5603359654414216 0.14345901495402097 0.5592393026857214 0.13139435485091652 0.5600617934773898 0.12298563004061903 0.5649967382274002 0.119329694747812 0.5718508365247787 0.12115766239421548 0.5819948728884042 0.12371684387621364 0.5869298176384143 0.12993196065101878 0.5935097439717613 0.1376095050970131 0.5984446887217714 0.14674937680032213 0.5984446887217714 0.15698603578573156 0.5957030694831614 0.16429797331392873 0.5954288975191298 0.1683195489958246 0.5907681247331513 0.17599705997052736 0.584736517227441 0.17965299526333434 0.5806240632690991 0.1749002726884269 0.5707541737690787 0.16941633627792488 0.5663675478467051
0 0.23602736077664505 0.5639701282554306 0.23156757096855918 0.5606101123050264 0.22206212581874457 0.5551268487273796 0.21219104027984076 0.5537560391080747 0.20451352930513803 0.5548526767633478 0.19610480449484052 0.559787621513358 0.19281444264853925 0.5660934009831002 0.18806172007363187 0.5718508365247789 0.18879286696664332 0.5773341001024256 0.1906208680843384 0.5803498913050673 0.19464244376623432 0.5866556707748094 0.20012638017673634 0.5929614251441246 0.21072861260865147 0.5924131063164881 0.2238900599938564 0.5970738791024665 0.23705150737906122 0.5954288975191298 0.24180429689655178 0.5880264803941144 0.2429010841786522 0.579527400513399 0.23741714776815023 0.5691091921857419