0 0.41531707562494763 0.10431142060443765 0.41640079117223816 0.10060933851037955 0.41832912303620134 0.09905204643058807 0.4217407369609937 0.0978284605238879 0.4253007008201639 0.09871834025749672 0.4291573373877213 0.09994192616419686 0.4309373193173065 0.10250034694716657 0.43227230576449543 0.10539246371932341 0.4309373193173065 0.1088407642359019 0.42975065564412684 0.11073176248878473 0.4270806827497491 0.11173288100805873 0.4215924141869844 0.11217782596681525 0.4187741185185976 0.11073176248878473 0.41684578665463445 0.1088407642359019
0 0.7634204613280926 0.1451262608222807 0.761035250145496 0.14833236417621387 0.7601279923058543 0.1519609627409485 0.7608840220473477 0.15570294787356087 0.7630009662356155 0.15876457207297096 0.7658739401653767 0.16103243838981715 0.7699566004437641 0.16386727907198784 0.7749465185617933 0.1657949649222329 0.7776682920807183 0.16613514538883403 0.7802388651888068 0.16364048517326443 0.7826582101987473 0.1603520774566149 0.7858336126374931 0.15785741724104532 0.78749692790594 0.15626991185740138 0.7876481283167762 0.1515073853249857 0.786892098575283 0.14765200324301161 0.7828094382968955 0.14663146184320822 0.776458633419404 0.14549753387552716 0.769805400032928 0.14549753387552716
0 0.714648056362418 0.16196975416507764 0.7115896978850265 0.15933153605681155 0.7112872693760419 0.15524937045759804 0.7126481561355043 0.15071362744242173 0.7159747589850864 0.14765200324301164 0.7217207345319209 0.14708503925917105 0.7259545952211444 0.14833236417621384 0.7276179104895916 0.15048684392518227 0.7270130811589344 0.15252792672478904 0.7208134766922791 0.15604312834016196
0 0.751624344778255 0.16605302527848295 0.7557429035184825 0.16556818140499344 0.759371934877049 0.16772265077247794 0.7625473373157947 0.1701039140386858 0.7628497658247793 0.1733923321368193 0.761035250145496 0.1745262601045004 0.7564989609472877 0.17475305400322377 0.7518114436509313 0.17679413680283054
0 0.7654620968847953 0.181195155657361 0.7663275690851976 0.18597900940106085 0.7639082240752573 0.18847365923514647 0.759371934877049 0.18915402016834873 0.7561965324383032 0.19153528343455656 0.7506017849896172 0.19119510296795547 0.7472751544527232 0.18836027266726874 0.7466703251220661 0.18767991173406648 0.7499969279716479 0.18518525151849693 0.7512066143202741 0.18189684380184737 0.754986846089677 0.1805361219354429 0.7590695063680645 0.17962896710351722
0 0.9224411863557108 0.25792662533010263 0.9181633681694065 0.2573211986650045 0.9161976520792868 0.25539351281475947 0.917407310740601 0.25267206908195045 0.9202803123576742 0.250517589332982 0.92239722885863 0.24949704793317867 0.9263286887261812 0.2498372283997798 0.9292016626559424 0.25074437285022144 0.9301089204955839 0.25244527518322707 0.9292016626559424 0.2557336932813606 0.9270847461549865 0.25709441514776504
0 0.9328762125344133 0.272558346819805 0.9350988386136131 0.2708150203796878 0.9382742410523588 0.2710418142784112 0.9408448141604473 0.27308289707801786 0.9409960145712836 0.27557754691210345 0.9399375563208058 0.27784542361043363 0.9376694117217016 0.27852578454363586 0.9361573245514028 0.2794329393755616 0.9326794936036726 0.2790927589089604 0.9307137775135531 0.2758043408108269
0 0.91155246338663 0.2601383971831972 0.9137782793820344 0.2586819205314089 0.9183145685802427 0.25811495654756844 0.9219435999388093 0.2592488845152495 0.9181633681694065 0.261403364264218 0.915744023159466 0.2632176635465853
0 0.6073487654379338 0.30828696906210157 0.6008142727767506 0.3027099205744176 0.5979412988469894 0.30157598222525256 0.5934050096487813 0.30157598222525256 0.5825179155730816 0.30554475087510435 0.5782840271965459 0.3088331689732378 0.5751086247578001 0.31302872114032904 0.573445337176665 0.31563677830526027 0.5748062239361275 0.32017251093895266 0.5760158825974416 0.323914496071565 0.5751086247578 0.33071810540358754 0.5748062239361275 0.3346868844349233 0.5748062239361275 0.3385422561354134 0.5746549958379792 0.3409235194016212 0.5775279974550525 0.34466550453423356 0.5791912850361874 0.34500568500083467 0.5879614626109313 0.3354806319360032 0.5953707257389007 0.3259555788711717 0.6032336177866909 0.31529659783865915
0 0.6127931269224742 0.4101986106008426 0.6136609067218332 0.41368345663903144 0.6127536488821915 0.41833258622208547 0.610787932792072 0.42003348855509104 0.6115439902208774 0.4227549322879 0.6101831034614148 0.4238888706370651 0.6083685877821317 0.425136195554108 0.6045883283254166 0.4258165564873102 0.6035298700749387 0.42921836115332146 0.600354467636193 0.4314862378516516 0.5965742358667901 0.43454786205106166 0.5915843177487611 0.43749608930111006 0.5861407707109113 0.4374960893011101 0.5811508525928822 0.4360219704853439 0.5794875373244353 0.433640707219136 0.5767657638055104 0.4314862378516515 0.5752536766352115 0.4304656964518481 0.57328793285778 0.4249094120368685 0.5741951906974216 0.4204870659710539 0.5749512481262271 0.41719865825440433 0.5775218212343156 0.4128896987564675 0.581604481512703 0.4081271722240517 0.5873504293722255 0.40756020824021116 0.5955157499290004 0.4050655480246417 0.6039834989947597 0.4050655480246417 0.6073101018443418 0.4058593059072056
0 0.5610716928193402 0.4336774195029232 0.5627032672910649 0.4300121190358853 0.5673907569001092 0.429785335518646 0.5729855320361075 0.429785335518646 0.5763121348856896 0.4312594439529282 0.5805459955749132 0.4344344651017 0.5829653682721656 0.4396505690500785 0.5826629397631811 0.4432791572333292 0.5806972236730615 0.4475881063497821 0.5813020530037186 0.4492890086827877 0.5855359136929422 0.4525774267809212 0.5862919711217477 0.4550720766150068 0.582058110432524 0.45484530347925134 0.5766145633946741 0.4535979681807246 0.5751024485370634 0.4541649425460491 0.5735903613667646 0.455412257081608 0.5743464187955699 0.45768013377993805 0.5746488196172426 0.4613087323446728 0.571624645276645 0.4579069276786615 0.5696589014992135 0.45223724631432016 0.5664834990604677 0.44600061134762214 0.5648202114793327 0.4408978939671213
0 0.4149813263175055 0.35626540464461404 0.41812790639350333 0.35741937005702207 0.42160573734123363 0.3598006333232299 0.42266419559171153 0.363315834938603 0.42160573734123363 0.366377459138013 0.4188839638223087 0.36887211935358266 0.4146501031330851 0.3702328412199871 0.4116259011051756 0.3676247840550558 0.4084504986664298 0.3671712170205769 0.40633355447816194 0.3653569177382096
0 0.4238284137298837 0.34877940760337095 0.42432751086015863 0.34539966715810505 0.4276541137097406 0.34109070766016825 0.43158557357729177 0.34063714062568934 0.4367266921061571 0.3402969601590882 0.43854120778544037 0.3408639241429288 0.439448465625082 0.3441523318595783 0.4414142094025136 0.3461934146591851 0.4427750961619761 0.34948183275731853 0.4414142094025136 0.35299702399120747 0.43733154912412614 0.35481132327357484 0.43400491858723217 0.35526490068953764 0.43007348640699306 0.35515150374017596 0.4264444550484265 0.3545845397563354 0.423420253020517 0.35231666305800524
0 0.44469846608728864 0.3491196801961547 0.44791621469084136 0.35016219369052076 0.44897467294131926 0.351636302124803 0.4510916171295871 0.35469792632421315 0.4510916171295871 0.35571846772401655 0.447160157262036 0.3573059834891444 0.44322872508179684 0.35900688582215 0.43914606480340945 0.35900688582215 0.4367266921061571 0.35753276700638387 0.43566823385567915 0.3556050811561388 0.4406581519737082 0.35356399835653207
0 0.40205096779172195 0.3503106342708979 0.4034605805484008 0.3481211108909141 0.4054262966385204 0.34789431699219076 0.4086016990772661 0.3476675334749513 0.41253315894481724 0.349708616274558 0.4131379882754744 0.35220327649012745 0.4126843593556535 0.35503810679081427 0.40920655609523515 0.35345060140717033 0.4048214673078633 0.35231666305800524
0 0.4211062329876135 0.5005409839849352 0.41895777930160794 0.4983448275198004 0.4148751190232205 0.4963037447201936 0.410187601726864 0.4949430228537892 0.4053489117069832 0.4939224814539857 0.39945173574931253 0.49392248145398576 0.39249607385385193 0.49709749222127364 0.38992552843307526 0.5001591164206838 0.3867501259943295 0.5029939674843383 0.38659889789618124 0.5079832671525096 0.3879597846556438 0.5113850718185208 0.3914376156033741 0.5176217275481868 0.39446181763128346 0.5198895834835489 0.40111502333044763 0.5222708467497568 0.40791945712775984 0.5235181820482835 0.413514232263758 0.5220440736140013 0.41759689254214544 0.5184154750492667 0.4168408351133401 0.5131993814823721 0.41895777930160794 0.5102511438508398 0.4201674379629221 0.5060555916837485
0 0.5445117599705298 0.5063256180622594 0.5520222532199449 0.5049216429530994 0.5564073420073169 0.5043546893507429 0.5621532898668392 0.5037877149854183 0.5682016939226583 0.5060555916837485 0.5727379831208665 0.5088904219844352 0.5771230442209264 0.5124056132183242 0.5777279012388955 0.5166011861483834 0.5766694153011056 0.5220440736140013 0.5745524988001497 0.5253324709491669 0.5727379831208664 0.5266931928155714 0.5680504658245099 0.5261262392132149 0.5651774918947488 0.5310021523135083 0.5632117758046292 0.5337235960463173 0.561397260125346 0.5374655811789296 0.5573145998469585 0.5373521946110519 0.5538367688992282 0.5349709313448441 0.5496029082100046 0.5356512922780463 0.5431008752343648 0.5372387872802062 0.5364476695352006 0.536558426347004 0.5319113803369925 0.533836982614195 0.5290383787199193 0.5305485852790295 0.5279799204694414 0.5241985429814858 0.52949200763974 0.5176217275481868 0.5341795249360967 0.5121788400825688 0.5379597567054994 0.509797576816361
0 0.2743353213002112 0.5728489099514877 0.26939297537992024 0.5726977977118138 0.26697363036997984 0.5738317256794949 0.26304217050242873 0.5762129889457027 0.26273974199344413 0.5790478296278734 0.26289097009159246 0.5815424898434429 0.26455425767272744 0.5836969592109273 0.2666712018609953 0.5848309079415764 0.27030023321956187 0.5846041140428531 0.27377806416729217 0.584263933576252 0.2768022385078897 0.5822228507766452 0.27937281161597827 0.579614793611714 0.27937281161597827 0.5773469272948678 0.2769534666060379 0.5742853030954577
0 0.6411491763211223 0.6521324240701076 0.6399690086019266 0.6467054283709973 0.6386081218424642 0.6438705876888267 0.6361887768325237 0.6422830823051827 0.6333158029027626 0.6401286025562142 0.6292331426243752 0.6401286025562143 0.6236383674883772 0.6411491439560177 0.6221262803180784 0.6433036237049861 0.6195557072099898 0.6450045260379919 0.6183460485486755 0.646818814938875 0.6148682176009451 0.6472723923548379 0.6138097593504673 0.6486331246027264 0.6129025015108256 0.6509009805380885 0.6138097593504672 0.6536224242708976 0.6150194180117815 0.6556635070705042 0.6163803047712438 0.6572510228356322 0.6177411915307064 0.6584983581341589 0.621370222889273 0.660085853136319 0.6243944249171824 0.6626939103012501 0.6292331426243751 0.6648483796687347 0.6322573169649727 0.6648483796687347 0.6367936061631809 0.6634876578023302 0.6392129788604333 0.6608796214003669 0.6410274945397165 0.6579313837688344
0 0.6749495872043108 0.6194662551628651 0.6777714370452032 0.6164293668434974 0.6814004684037698 0.6139347066279278 0.6850294997623363 0.6120070207776828 0.6859367576019779 0.6081516386957087 0.6847270712533519 0.605316798013538 0.6814004684037698 0.6032757152139312 0.6773178081253823 0.6011212458464468 0.6756544928569354 0.59908016304684 0.6736887767668158 0.5973792607138345 0.6720254614983688 0.5969256832978717 0.6686988586487868 0.5969256832978717 0.6652210277010564 0.5974926472817121 0.6629528831019523 0.5991935496147177 0.6620456252623106 0.6002140910145212 0.6620456252623106 0.6032757152139313 0.6588702228235649 0.6058837723788626 0.6569045067334454 0.6087186026795492 0.6579629649839233 0.6110998659457572 0.6603823099938636 0.6137079231106884 0.6641625694505785 0.6158623924781729 0.6680940016308176 0.616996330827338 0.6706645747389063 0.6185838362109819
0 0.6854831286821571 0.6158623924781729 0.6866927873434713 0.6106462989112782 0.6885073030227546 0.6081516386957087 0.6922875624794693 0.6055435919122614 0.6960677942488722 0.6054301949628997 0.6993943970984543 0.6069043137786659 0.7028722280461847 0.608038241746347 0.705291573056125 0.6086052161116715 0.7075597176552292 0.608378422212948 0.7105839196831386 0.6089453965782726 0.7108863481921232 0.6116668403110816 0.7102814911741541 0.6137079231106884 0.7107351200939748 0.6155222120115716 0.7096766618434969 0.6193775940935458 0.7055940015651094 0.6198311715095086 0.7036282854749899 0.6236865432099987 0.7015113412867222 0.6252740589751266 0.6972774805974984 0.6257276260096054 0.6913803046398277 0.624707084609802 0.6879024736920973 0.6216454604103919
0 0.7867858460325786 0.5612796417968393 0.7832670037090541 0.561197613812671 0.7805452301901291 0.5599502888956281 0.777218599653235 0.5598368919462664 0.7728335385531752 0.5600636754635059 0.7692045071946086 0.561197613812671 0.7666339340865197 0.5636922740282405 0.7664827336756836 0.5660735372944484 0.7666339340865199 0.5681146200940552 0.7670875630063407 0.5701557028936619 0.7687508782747877 0.572083388743907 0.7690532790964603 0.5736708941275508 0.7713214236955643 0.5755985903592798 0.7731359393748477 0.5763923378603598 0.7757065124829363 0.5765057348097214 0.7785794864126974 0.5768459152763227 0.7829645752000693 0.5769593122256843 0.7885593226487555 0.5758253738765193 0.7906762668370234 0.5725369661598697 0.7908274672478597 0.5694753419604597 0.78886175115774 0.5661869238623262 0.7870472354784568 0.5634654801295171
0 0.7926839043074975 0.567914957356123 0.7980855299649929 0.5674342591608529 0.8008073034839179 0.5674342591608529 0.8044363348424843 0.5673208622114913 0.8077629653793785 0.5692485480617362 0.8109383678181242 0.5720833887439069 0.8115431971487813 0.5737842910769126 0.8119968260686021 0.5779798536254878 0.8094262529605133 0.580587900408935 0.8048899637623051 0.581381658291499 0.8009585315820661 0.582969163675143 0.8000512737424245 0.5835361276589834 0.7959686134640369 0.5831959471923824 0.7923395821054704 0.5818352253259779 0.7893153800775609 0.5795673590091317 0.7891641796667248 0.5765057348097217 0.7908274672478598 0.5736708941275509 0.791583524676665 0.5700423059443002
0 0.8087901403659294 0.5924145840365549 0.8047387633514691 0.5909067113563304 0.8008073034839178 0.5905665308897293 0.7967246432055304 0.5915870722895327 0.79430529819559 0.5921540362733733 0.7914323242658288 0.5939683355557406 0.7908274672478597 0.5957826244566239 0.7908274672478597 0.5985040681894328 0.7912810961676805 0.6002049705224386 0.7932468399451121 0.602699630738008 0.7937004688649328 0.6058746518867799 0.7944564986064262 0.6082559151529877 0.7968758713036787 0.6082559151529877 0.7988415873937982 0.6093898431206688 0.8006561030730814 0.6112041424030361 0.8032266761811702 0.6101836010032328 0.8060996501109313 0.607802337737025 0.8074605368703938 0.6071219768038227 0.811391996737945 0.607802337737025 0.8151722285073477 0.6073487603210622 0.818045202437109 0.6054210744708171 0.8178940020262727 0.6028130276873698 0.8168355437757949 0.5997514034879597 0.8181964305352573 0.5980505011549541 0.8157770578380049 0.5958960214059856 0.8100311099784825 0.5931745776731766
0 0.8244426796339832 0.5927548566293386 0.8209182040541821 0.5945352995395812 0.8195573172947197 0.5970299597551507 0.8174403731064519 0.5990710425547574 0.8177428016154364 0.6015656923888429 0.8191036883748989 0.6045139300203753 0.8212206048758547 0.607008579854461 0.8245472354127487 0.6089362760861899 0.8278738382623309 0.6098434205366317 0.8305956117812557 0.6125648642694407 0.832410127460539 0.6138121891864835 0.8352831013903003 0.6131318282532813 0.8374000455785681 0.6131318282532813 0.8404242476064777 0.6105237814698339 0.8446581082957012 0.6093898431206688 0.8432972215362388 0.6067817963372215 0.8455653661353428 0.6048541104869766 0.8476823103236107 0.6013389088716036 0.8467750524839691 0.5975969237389912 0.8443556797867167 0.5955558409393844 0.8425411641074334 0.5937415416570171 0.8374000455785681 0.5917004588574105 0.8336198138091653 0.5904531339403676 0.8281762667713154 0.5902263504231281
0 0.8348777058126857 0.5788036803252038 0.8389121327488668 0.5767325183269609 0.8464726239749847 0.5762789512924822 0.8528234288524761 0.5767325183269609 0.8572085176398481 0.5797941425263712 0.859476662238952 0.5827423801579035 0.8597790630606246 0.5856906074079519 0.8576621465596688 0.5888656285567236 0.8567548887200271 0.5924942167399743 0.8544867441209231 0.5954424439900228 0.8504040838425356 0.5963495988219484 0.8466238243858207 0.5949888769555439 0.8429947930272542 0.5939683355557406 0.8405754480173138 0.5921540362733734 0.8363415873280903 0.5904531339403676 0.8310492407010766 0.5896593760578037 0.8289322965128086 0.5888656285567236 0.8301419828614349 0.5854638238907124 0.8310492407010767 0.5825155862591801
0 0.8294333443281453 0.5759113632865417 0.8316540700317336 0.5721967856932687 0.8355855298992848 0.5701557028936619 0.840121819097493 0.5693619450110979 0.8446581082957012 0.5702690894615395 0.8466238243858207 0.5720833887439069 0.8497992268245667 0.5743512550607531 0.8501016553335512 0.5754851934099181 0.8473798818146261 0.575938770825881 0.840121819097493 0.5769593122256843 0.8342246431398223 0.577866456676126
0 0.974389468854034 0.5798244981035551 0.9759377259684029 0.5768449940144962 0.9789619279963124 0.5750306947321289 0.9854639332846403 0.576164633081294 0.9883369349017135 0.579226257280704 0.9893953931521915 0.5821744845307525 0.9892441927413551 0.5847825416956837 0.988034506392729 0.585462902628886 0.9844054750341623 0.5814941235975501 0.9780546701566709 0.5812673400803108
0 0.9737089236684665 0.5856091321808793 0.9763913548882239 0.5845557477969603 0.9809276440864321 0.5854629026288859 0.9844054750341623 0.5872771915297693 0.9844054750341623 0.590905790094504 0.9821373304350584 0.5927200789953873 0.9812300725954166 0.5941941978111535 0.9765425829863722 0.597142425061202 0.9738208094674472 0.5978227859944041 0.9714014367701947 0.5918129345449457 0.970342978519717 0.5887513103455354
0 0.9814217691048988 0.5980290818174872 0.9739720098782835 0.5995236883274098 0.9723086946098365 0.6019049515936177 0.972611123118821 0.6030388899427825 0.9772986127278657 0.6041728282919476 0.9824397589440428 0.6066674781260333 0.985917562204461 0.606780875075395 0.9881857068035651 0.6050799727423893 0.9872784489639237 0.6020183485429793 0.9842542746233262 0.5991835078608087
0 0.9904957049124661 0.6046643973767709 0.993629253841415 0.6065540915581557 0.9961998269495037 0.6093889218588423 0.99635102736034 0.6123371594903747 0.9948389401900413 0.6141514483912581 0.9916635377512956 0.6146050361887049 0.9900002224828486 0.6132443143223004 0.9860687903026093 0.6081415969417996