0 0.3609375 0.16328125 0.17734375 0.15859375
0 0.48984375 0.1640625 0.2078125 0.15
0 0.1859375 0.16796875 0.22109375 0.2140625
0 0.490625 0.246875 0.19609375 0.18125
0 0.315625 0.2765625 0.2390625 0.2171875
0 0.09140625 0.29140625 0.11015625 0.16484375
0 0.80703125 0.30234375 0.2265625 0.22734375
0 0.18828125 0.3546875 0.1890625 0.1953125
0 0.5828125 0.359375 0.2453125 0.24609375
0 0.43515625 0.428125 0.20234375 0.2109375
0 0.7515625 0.4796875 0.19609375 0.22109375
0 0.2375 0.52421875 0.225 0.2140625
0 0.8984375 0.53359375 0.19140625 0.2328125
0 0.0953125 0.54140625 0.1421875 0.1625
0 0.96484375 0.5515625 0.0703125 0.24140625
0 0.41796875 0.60078125 0.1890625 0.2140625
0 0.7875 0.63203125 0.2203125 0.14140625
0 0.11171875 0.7 0.19140625 0.2125
0 0.646875 0.7171875 0.26875 0.2515625
0 0.275 0.7203125 0.1953125 0.20390625
0 0.52109375 0.74375 0.1703125 0.2578125
0 0.3765625 0.765625 0.1578125 0.1484375
0 0.81171875 0.76875 0.20625 0.225
0 0.20703125 0.8328125 0.19140625 0.17734375
0 0.6484375 0.89453125 0.2375 0.2015625
0 0.2921875 0.1125 0.10859375 0.08984375