0 0.09609375 0.36875 0.1625 0.17734375
0 0.4734375 0.375 0.22265625 0.21484375
0 0.7234375 0.44765625 0.1421875 0.15
0 0.84609375 0.47265625 0.2328125 0.1796875
0 0.3453125 0.49375 0.2046875 0.2078125
0 0.4390625 0.56640625 0.22265625 0.2328125
0 0.875 0.6328125 0.23984375 0.2546875
0 0.1671875 0.67109375 0.2453125 0.25234375
0 0.3515625 0.70390625 0.1421875 0.17734375
0 0.5375 0.71015625 0.2296875 0.2296875
0 0.7234375 0.76484375 0.25234375 0.2546875
0 0.8765625 0.8625 0.2328125 0.2546875
0 0.6359375 0.8765625 0.22734375 0.22734375
0 0.53984375 0.12734375 0.1953125 0.175
0 0.7203125 0.175 0.1703125 0.175
0 0.52890625 0.225 0.22265625 0.1546875