0 0.38671875 0.34140625 0.15546875 0.19296875
0 0.56640625 0.34921875 0.18671875 0.178125
0 0.71015625 0.4578125 0.14921875 0.16015625
0 0.271875 0.4609375 0.1625 0.16640625
0 0.58671875 0.471875 0.1421875 0.1265625
0 0.46640625 0.48203125 0.19140625 0.1734375
0 0.68203125 0.5703125 0.15546875 0.1625
0 0.234375 0.571875 0.1265625 0.1625
0 0.33671875 0.59765625 0.16640625 0.1640625
0 0.546875 0.60546875 0.16015625 0.1578125
0 0.44921875 0.684375 0.1640625 0.1640625
0 0.6578125 0.68984375 0.16875 0.13984375
0 0.271875 0.74921875 0.11328125 0.12421875
0 0.33984375 0.78359375 0.178125 0.17578125
0 0.58671875 0.78984375 0.178125 0.17578125
0 0.4640625 0.85859375 0.18671875 0.1625
0 0.49453125 0.2140625 0.20703125 0.17578125