0 0.159375 0.1765625 0.19375 0.22109375
0 0.40859375 0.21875 0.1875 0.18984375
0 0.82578125 0.23125 0.2140625 0.2125
0 0.5578125 0.240625 0.2078125 0.19140625
0 0.67734375 0.35625 0.22265625 0.225
0 0.3453125 0.4046875 0.1796875 0.1546875
0 0.196875 0.43359375 0.2109375 0.21015625
0 0.53125 0.44765625 0.21484375 0.22265625
0 0.35 0.525 0.21484375 0.20234375
0 0.634375 0.5859375 0.2109375 0.22734375
0 0.1640625 0.58828125 0.1359375 0.1890625
0 0.7953125 0.590625 0.2015625 0.20859375
0 0.2640625 0.596875 0.10859375 0.16875
0 0.45625 0.63984375 0.22265625 0.2203125
0 0.3 0.68515625 0.16484375 0.15
0 0.7265625 0.73671875 0.18515625 0.19375
0 0.4296875 0.0734375 0.20625 0.146875
0 0.34921875 0.78515625 0.2359375 0.22734375
0 0.55390625 0.8125 0.2328125 0.2296875
0 0.775 0.81484375 0.16484375 0.1796875
0 0.43984375 0.890625 0.2078125 0.17109375
0 0.2796875 0.1078125 0.2171875 0.2109375