0 0.60546875 0.25625 0.0734375 0.1328125
0 0.6984375 0.26875 0.125 0.19453125
0 0.85078125 0.02890625 0.10234375 0.05703125
0 0.81015625 0.28828125 0.06640625 0.08671875
0 0.8546875 0.334375 0.0796875 0.14609375
0 0.65 0.3875 0.09921875 0.1578125
0 0.73359375 0.3875 0.10859375 0.1765625
0 0.56953125 0.38984375 0.125 0.18515625
0 0.81015625 0.4265625 0.09453125 0.1484375
0 0.54765625 0.49296875 0.09921875 0.153125
0 0.63671875 0.525 0.11875 0.18046875
0 0.596875 0.61640625 0.1265625 0.1484375
0 0.5375 0.63046875 0.09453125 0.1625
0 0.321875 0.63828125 0.06328125 0.11015625
0 0.41015625 0.64296875 0.09140625 0.15546875
0 0.8734375 0.06640625 0.09921875 0.1328125
0 0.4796875 0.66328125 0.1109375 0.15546875
0 0.365625 0.66953125 0.09609375 0.13984375
0 0.2359375 0.7140625 0.10859375 0.16484375
0 0.3109375 0.7296875 0.06640625 0.128125
0 0.33359375 0.759375 0.08125 0.10078125
0 0.421875 0.76640625 0.1125 0.16015625
0 0.58125 0.81484375 0.128125 0.1921875
0 0.2625 0.83515625 0.10703125 0.178125
0 0.48359375 0.8515625 0.1125 0.178125
0 0.63671875 0.903125 0.0703125 0.153125
0 0.30234375 0.93046875 0.1109375 0.13515625
0 0.58828125 0.94140625 0.1234375 0.11640625
0 0.40625 0.94609375 0.09296875 0.1078125