0 0.45078125 0.6859375 0.14765625 0.165625
0 0.90078125 0.728125 0.1984375 0.23125
0 0.690625 0.78671875 0.2390625 0.16875
0 0.69765625 0.83515625 0.19296875 0.14296875
0 0.8859375 0.86875 0.1890625 0.16015625
0 0.72421875 0.91015625 0.2796875 0.1796875
0 0.9234375 0.9546875 0.15234375 0.08984375
0 0.3875 0.09765625 0.23828125 0.19375
0 0.725 0.1 0.1734375 0.1765625
0 0.95078125 0.11953125 0.09765625 0.1734375
0 0.184375 0.125 0.21015625 0.18125
0 0.875 0.13515625 0.203125 0.21171875
0 0.56953125 0.14296875 0.19765625 0.1828125
0 0.39296875 0.1984375 0.24140625 0.23828125
0 0.19296875 0.24140625 0.225 0.2265625
0 0.56484375 0.265625 0.17578125 0.2265625
0 0.74453125 0.2796875 0.2296875 0.2515625
0 0.86015625 0.38671875 0.20234375 0.20078125
0 0.41953125 0.39140625 0.23203125 0.21015625
0 0.2390625 0.42890625 0.24296875 0.2265625
0 0.63671875 0.46171875 0.26171875 0.25234375
0 0.9390625 0.5421875 0.12109375 0.26953125
0 0.3640625 0.5640625 0.21328125 0.2140625
0 0.78828125 0.59296875 0.246875 0.2640625
0 0.5734375 0.6296875 0.21171875 0.1921875