0 0.47734375 0.225 0.2734375 0.27734375
0 0.20234375 0.2421875 0.16328125 0.2390625
0 0.31484375 0.24296875 0.234375 0.26875
0 0.146875 0.30859375 0.1359375 0.1875
0 0.58203125 0.35859375 0.31328125 0.26640625
0 0.93984375 0.38671875 0.1203125 0.253125
0 0.80625 0.3875 0.21484375 0.26171875
0 0.240625 0.42265625 0.234375 0.21171875
0 0.13359375 0.47734375 0.16015625 0.184375
0 0.36953125 0.525 0.29453125 0.29609375
0 0.89296875 0.525 0.21328125 0.26171875
0 0.68515625 0.575 0.26171875 0.240625
0 0.64140625 0.06484375 0.22890625 0.12890625
0 0.20078125 0.6453125 0.2015625 0.240625
0 0.6203125 0.72265625 0.2390625 0.22734375
0 0.3953125 0.0765625 0.2734375 0.14609375
0 0.3125 0.76796875 0.28046875 0.27890625
0 0.7828125 0.78671875 0.19296875 0.2375
0 0.1484375 0.86953125 0.221875 0.2609375
0 0.5140625 0.89140625 0.26328125 0.2171875
0 0.63828125 0.896875 0.13046875 0.20625
0 0.9 0.91484375 0.2 0.1703125
0 0.2890625 0.93671875 0.2875 0.1265625
0 0.71875 0.96953125 0.19140625 0.06015625
0 0.703125 0.16875 0.2734375 0.271875