0 0.33203125 0.22578125 0.171875 0.18203125
0 0.165625 0.24296875 0.19609375 0.2328125
0 0.61328125 0.32890625 0.1859375 0.21484375
0 0.81328125 0.378125 0.15390625 0.19296875
0 0.27734375 0.4046875 0.21796875 0.21953125
0 0.74609375 0.43828125 0.184375 0.24140625
0 0.13125 0.44765625 0.20234375 0.2484375
0 0.55625 0.52421875 0.24375 0.24609375
0 0.24921875 0.56171875 0.1859375 0.2109375
0 0.38984375 0.59453125 0.17578125 0.20859375
0 0.7546875 0.61640625 0.1859375 0.23515625
0 0.153125 0.63203125 0.14609375 0.2125
0 0.6078125 0.69375 0.20390625 0.2125
0 0.49609375 0.725 0.1796875 0.221875
0 0.27734375 0.72734375 0.18984375 0.16875
0 0.778125 0.728125 0.14765625 0.175
0 0.67109375 0.8390625 0.2140625 0.20625
0 0.475 0.18046875 0.178125 0.2015625