0 0.24609375 0.32265625 0.12265625 0.16796875
0 0.5265625 0.33046875 0.06640625 0.128125
0 0.4453125 0.37578125 0.1140625 0.159375
0 0.57421875 0.39921875 0.1265625 0.17421875
0 0.784375 0.4171875 0.10546875 0.16171875
0 0.18046875 0.44765625 0.11171875 0.14375
0 0.27265625 0.46796875 0.1375 0.2078125
0 0.71640625 0.47578125 0.14609375 0.2171875
0 0.85390625 0.47890625 0.09453125 0.16171875
0 0.40234375 0.4921875 0.12265625 0.16484375
0 0.534375 0.50625 0.08125 0.16171875
0 0.60390625 0.53828125 0.10546875 0.17109375
0 0.35 0.5625 0.06875 0.12265625
0 0.80703125 0.5859375 0.11171875 0.19296875
0 0.4171875 0.59296875 0.08359375 0.134375
0 0.18203125 0.59296875 0.14609375 0.2015625
0 0.63984375 0.60078125 0.103125 0.16171875
0 0.28359375 0.62421875 0.08984375 0.146875
0 0.85859375 0.628125 0.08984375 0.16171875
0 0.55703125 0.6390625 0.08828125 0.134375
0 0.73359375 0.659375 0.15 0.2109375
0 0.3453125 0.66484375 0.1375 0.16171875
0 0.6265625 0.7046875 0.12890625 0.17421875
0 0.73046875 0.80390625 0.14375 0.153125
0 0.37421875 0.17109375 0.10078125 0.11015625
0 0.56328125 0.203125 0.1140625 0.16796875
0 0.4390625 0.2296875 0.13125 0.17109375
0 0.665625 0.2296875 0.11171875 0.16484375
0 0.6140625 0.275 0.1203125 0.18359375
0 0.3359375 0.2828125 0.1265625 0.18046875