0 0.33984375 0.41171875 0.1359375 0.15234375
0 0.45625 0.4578125 0.17578125 0.14765625
0 0.59609375 0.46015625 0.16796875 0.15234375
0 0.7421875 0.465625 0.13984375 0.14765625
0 0.221875 0.46796875 0.12421875 0.09609375
0 0.04609375 0.48828125 0.0921875 0.128125
0 0.25 0.53828125 0.15625 0.12421875
0 0.38984375 0.55234375 0.171875 0.14375
0 0.67578125 0.5703125 0.15234375 0.13984375
0 0.76015625 0.60390625 0.1203125 0.1359375
0 0.25234375 0.65625 0.17578125 0.15234375
0 0.49765625 0.6578125 0.1640625 0.13203125
0 0.671875 0.68828125 0.1359375 0.1359375
0 0.58828125 0.74765625 0.16015625 0.128125
0 0.45 0.77578125 0.13984375 0.16015625
0 0.5359375 0.8421875 0.14375 0.1078125
0 0.4140625 0.84765625 0.13203125 0.1359375
0 0.45390625 0.23203125 0.15625 0.14375
0 0.34609375 0.29609375 0.084375 0.11171875
0 0.534375 0.328125 0.15625 0.15234375
0 0.41015625 0.334375 0.1640625 0.13984375
0 0.61796875 0.33984375 0.06796875 0.10390625
0 0.26015625 0.3703125 0.128125 0.13984375
0 0.665625 0.384375 0.1 0.10390625