0 0.4609375 0.15234375 0.2015625 0.20234375
0 0.31875 0.184375 0.1953125 0.23125
0 0.5921875 0.225 0.1734375 0.1953125
0 0.4421875 0.3265625 0.2546875 0.19375
0 0.63046875 0.40546875 0.15390625 0.14609375
0 0.5296875 0.4625 0.20625 0.1875
0 0.37890625 0.48984375 0.1921875 0.1875
0 0.6640625 0.53984375 0.16015625 0.19765625
0 0.4296875 0.05703125 0.1921875 0.1140625
0 0.5390625 0.61328125 0.1640625 0.15625
0 0.40625 0.66171875 0.2171875 0.18125
0 0.59296875 0.68046875 0.2015625 0.14609375
0 0.715625 0.6875 0.1484375 0.1671875
0 0.590625 0.071875 0.18125 0.14375
0 0.3703125 0.76328125 0.16484375 0.15625
0 0.6515625 0.80625 0.23125 0.2046875
0 0.49453125 0.825 0.17109375 0.1875
0 0.7015625 0.8953125 0.14140625 0.15859375
0 0.4796875 0.9359375 0.1421875 0.1265625
0 0.57265625 0.93515625 0.1921875 0.1296875