0 0.865625 0.20625 0.0640625 0.0640625
0 0.459375 0.21015625 0.06171875 0.0640625
0 0.9828125 0.2109375 0.034375 0.08203125
0 0.95234375 0.2140625 0.0359375 0.05234375
0 0.9171875 0.21484375 0.04609375 0.065625
0 0.6546875 0.215625 0.0703125 0.06796875
0 0.39375 0.2171875 0.04375 0.05
0 0.73203125 0.2171875 0.06015625 0.06171875
0 0.23359375 0.02265625 0.0515625 0.0453125
0 0.5609375 0.02265625 0.05625 0.0453125
0 0.4328125 0.2296875 0.0421875 0.04375
0 0.8328125 0.23515625 0.04609375 0.0421875
0 0.484375 0.2359375 0.0640625 0.05625
0 0.93203125 0.23828125 0.03984375 0.04375
0 0.6890625 0.2453125 0.06171875 0.0578125
0 0.7796875 0.24609375 0.06796875 0.05625
0 0.57421875 0.25078125 0.0796875 0.078125
0 0.89296875 0.02578125 0.05 0.0359375
0 0.87109375 0.26015625 0.06171875 0.05625
0 0.9671875 0.2640625 0.0578125 0.06015625
0 0.921875 0.27265625 0.04765625 0.0578125
0 0.990625 0.27578125 0.01796875 0.04765625
0 0.7671875 0.2796875 0.0578125 0.06015625
0 0.403125 0.28515625 0.07421875 0.07421875
0 0.61015625 0.290625 0.04765625 0.065625
0 0.7171875 0.290625 0.06171875 0.0578125
0 0.81796875 0.29375 0.04375 0.04765625
0 0.859375 0.296875 0.065625 0.0578125
0 0.51328125 0.03125 0.065625 0.0578125
0 0.5578125 0.30703125 0.071875 0.065625
0 0.9703125 0.3078125 0.05234375 0.05625
0 0.49296875 0.3140625 0.078125 0.071875
0 0.196875 0.03203125 0.065625 0.05625
0 0.43515625 0.32109375 0.06171875 0.0703125
0 0.98671875 0.32890625 0.02578125 0.0578125
0 0.8140625 0.3390625 0.05234375 0.05
0 0.42578125 0.03515625 0.06796875 0.06171875
0 0.89765625 0.33984375 0.05625 0.04609375
0 0.85234375 0.34375 0.05625 0.05234375
0 0.3140625 0.34609375 0.06796875 0.06796875
0 0.25703125 0.34921875 0.065625 0.06171875
0 0.51875 0.35 0.05390625 0.06015625
0 0.721875 0.35390625 0.04375 0.04375
0 0.46328125 0.36015625 0.06171875 0.04765625
0 0.97109375 0.36484375 0.0421875 0.06171875
0 0.815625 0.37734375 0.05234375 0.04609375
0 0.93515625 0.378125 0.05 0.05234375
0 0.58828125 0.0390625 0.04765625 0.05390625
0 0.28828125 0.3796875 0.06015625 0.06015625
0 0.77578125 0.3796875 0.06796875 0.06015625
0 0.89375 0.38125 0.04765625 0.04609375
0 0.9890625 0.38125 0.021875 0.05
0 0.42109375 0.38203125 0.05390625 0.05234375
0 0.23671875 0.38671875 0.05 0.05390625
0 0.86015625 0.390625 0.05625 0.04609375
0 0.62734375 0.040625 0.04609375 0.05390625
0 0.69609375 0.040625 0.05234375 0.05390625
0 0.45 0.40390625 0.0640625 0.06015625
0 0.26484375 0.41875 0.05 0.04609375
0 0.80234375 0.41875 0.04375 0.05390625
0 0.92890625 0.4203125 0.05 0.04375
0 0.521875 0.421875 0.07578125 0.06796875
0 0.69921875 0.428125 0.0578125 0.05625
0 0.75390625 0.4296875 0.06796875 0.06796875
0 0.35625 0.43203125 0.05625 0.04375
0 0.971875 0.4328125 0.04765625 0.04609375
0 0.85625 0.4359375 0.04375 0.028125
0 0.4203125 0.43671875 0.0359375 0.04609375
0 0.596875 0.43984375 0.07421875 0.05234375
0 0.4453125 0.45 0.05390625 0.05234375
0 0.91796875 0.45 0.05234375 0.04375
0 0.9875 0.45546875 0.025 0.0609375
0 0.66171875 0.046875 0.04375 0.0421875
0 0.553125 0.46328125 0.05 0.05390625
0 0.72890625 0.46328125 0.0578125 0.04609375
0 0.85234375 0.4640625 0.0359375 0.04375
0 0.3609375 0.46875 0.05390625 0.05
0 0.8796875 0.4703125 0.06015625 0.05625
0 0.321875 0.47109375 0.05625 0.0578125
0 0.49921875 0.47421875 0.078125 0.071875
0 0.596875 0.4796875 0.05 0.04375
0 0.93671875 0.4796875 0.05 0.05234375
0 0.96875 0.48984375 0.06171875 0.0640625
0 0.425 0.49921875 0.0703125 0.0703125
0 0.54765625 0.5 0.05625 0.05625
0 0.690625 0.503125 0.065625 0.06171875
0 0.871875 0.503125 0.04765625 0.04609375
0 0.340625 0.50390625 0.03828125 0.04375
0 0.72890625 0.50390625 0.0421875 0.06015625
0 0.840625 0.50625 0.04609375 0.03984375
0 0.7578125 0.509375 0.0359375 0.0578125
0 0.378125 0.51796875 0.0640625 0.06796875
0 0.47734375 0.52578125 0.06171875 0.06015625
0 0.9171875 0.5296875 0.05 0.05234375
0 0.54296875 0.5421875 0.078125 0.06015625
0 0.66484375 0.5453125 0.07421875 0.0703125
0 0.70703125 0.54921875 0.05390625 0.06171875
0 0.8828125 0.55 0.0296875 0.03203125
0 0.41875 0.553125 0.0578125 0.05
0 0.2890625 0.05703125 0.0578125 0.065625
0 0.753125 0.5703125 0.0578125 0.071875
0 0.459375 0.571875 0.04609375 0.05234375
0 0.6078125 0.57421875 0.071875 0.07578125
0 0.5 0.575 0.0640625 0.065625
0 0.5 0.0578125 0.05625 0.05234375
0 0.6609375 0.58671875 0.0578125 0.034375
0 0.3390625 0.58984375 0.05 0.05625
0 0.37109375 0.59296875 0.065625 0.0578125
0 0.54375 0.59921875 0.05625 0.06171875
0 0.421875 0.603125 0.06015625 0.0578125
0 0.778125 0.61484375 0.06015625 0.07421875
0 0.675 0.615625 0.065625 0.05625
0 0.35625 0.06328125 0.05625 0.05390625
0 0.728125 0.62265625 0.06015625 0.0578125
0 0.47109375 0.62421875 0.06171875 0.06015625
0 0.16484375 0.06484375 0.04609375 0.04609375
0 0.37265625 0.65625 0.065625 0.06015625
0 0.21796875 0.065625 0.071875 0.06796875
0 0.77265625 0.6609375 0.0578125 0.034375
0 0.3390625 0.66328125 0.04609375 0.0578125
0 0.28125 0.6640625 0.0703125 0.06796875
0 0.62421875 0.67421875 0.05625 0.06015625
0 0.67421875 0.67890625 0.06015625 0.0703125
0 0.25625 0.68828125 0.05234375 0.03984375
0 0.48515625 0.69375 0.04609375 0.0640625
0 0.4421875 0.696875 0.04765625 0.05390625
0 0.721875 0.7046875 0.0640625 0.065625
0 0.7640625 0.7046875 0.06015625 0.0578125
0 0.36328125 0.7078125 0.05390625 0.05234375
0 0.3359375 0.7109375 0.04375 0.05390625
0 0.303125 0.71328125 0.04609375 0.04609375
0 0.40625 0.715625 0.04765625 0.05234375
0 0.48125 0.07265625 0.06171875 0.06171875
0 0.64375 0.72578125 0.0640625 0.0640625
0 0.265625 0.728125 0.06015625 0.04765625
0 0.46015625 0.7359375 0.06015625 0.04375
0 0.690625 0.74921875 0.065625 0.065625
0 0.73671875 0.7546875 0.05 0.06171875
0 0.42734375 0.07734375 0.0578125 0.0421875
0 0.2890625 0.76328125 0.05390625 0.05
0 0.3359375 0.7640625 0.06015625 0.0640625
0 0.7890625 0.765625 0.04609375 0.05625
0 0.24921875 0.78125 0.06171875 0.05390625
0 0.76171875 0.78515625 0.05234375 0.065625
0 0.675 0.0796875 0.05 0.05625
0 0.29375 0.80390625 0.06796875 0.05234375
0 0.66015625 0.8078125 0.0640625 0.0640625
0 0.46796875 0.81328125 0.05625 0.03828125
0 0.33828125 0.8140625 0.04375 0.05234375
0 0.7171875 0.815625 0.0703125 0.06796875
0 0.2171875 0.81875 0.065625 0.05390625
0 0.2546875 0.825 0.0421875 0.04609375
0 0.39609375 0.084375 0.03984375 0.04375
0 0.7140625 0.084375 0.05234375 0.05234375
0 0.77265625 0.8421875 0.0578125 0.06015625
0 0.41015625 0.8453125 0.05625 0.06171875
0 0.6296875 0.85 0.06015625 0.06015625
0 0.2859375 0.85234375 0.06796875 0.05234375
0 0.5890625 0.853125 0.05390625 0.05390625
0 0.36328125 0.8578125 0.06171875 0.05625
0 0.68203125 0.859375 0.0640625 0.0578125
0 0.81328125 0.08671875 0.034375 0.03828125
0 0.84375 0.86328125 0.05625 0.0578125
0 0.790625 0.8796875 0.065625 0.06015625
0 0.3296875 0.8828125 0.04375 0.05
0 0.82421875 0.89609375 0.03984375 0.04765625
0 0.65078125 0.89765625 0.065625 0.06796875
0 0.746875 0.903125 0.065625 0.0703125
0 0.77578125 0.92578125 0.04375 0.04375
0 0.26015625 0.0953125 0.0640625 0.06171875
0 0.63984375 0.95078125 0.04765625 0.0578125
0 0.3453125 0.9578125 0.04609375 0.03984375
0 0.79296875 0.09609375 0.04609375 0.04765625
0 0.5890625 0.096875 0.05 0.0421875
0 0.72734375 0.96875 0.05390625 0.0578125
0 0.36171875 0.98671875 0.04765625 0.02578125
0 0.8578125 0.1 0.0640625 0.06015625
0 0.7578125 0.1078125 0.0640625 0.05234375
0 0.303125 0.1171875 0.0578125 0.065625
0 0.69921875 0.11796875 0.05390625 0.05234375
0 0.20234375 0.12265625 0.05234375 0.05
0 0.8296875 0.12265625 0.04765625 0.0421875
0 0.49296875 0.13515625 0.06171875 0.06171875
0 0.23671875 0.13671875 0.03828125 0.0421875
0 0.58125 0.13671875 0.0578125 0.0578125
0 0.62890625 0.140625 0.0578125 0.0578125
0 0.26796875 0.14921875 0.04765625 0.05
0 0.86171875 0.153125 0.04375 0.0421875
0 0.4578125 0.15390625 0.05625 0.05625
0 0.53125 0.1578125 0.05 0.04765625
0 0.903125 0.1609375 0.06171875 0.0578125
0 0.590625 0.17890625 0.0578125 0.04609375
0 0.2796875 0.01796875 0.0640625 0.0359375
0 0.346875 0.01875 0.065625 0.0375
0 0.7 0.1796875 0.06015625 0.06015625
0 0.24375 0.1828125 0.04375 0.04609375
0 0.946875 0.1828125 0.0296875 0.04609375
0 0.49765625 0.184375 0.05234375 0.05234375
0 0.20703125 0.18515625 0.05 0.05390625
0 0.27421875 0.1859375 0.04375 0.06015625
0 0.41484375 0.18828125 0.06171875 0.06015625
0 0.815625 0.1890625 0.0640625 0.06171875