0 0.9609375 0.01328125 0.075 0.0265625
0 0.96953125 0.15 0.0484375 0.075
0 0.4796875 0.15078125 0.07890625 0.08125
0 0.7546875 0.16015625 0.08984375 0.0875
0 0.8890625 0.16015625 0.0921875 0.075
0 0.2203125 0.0171875 0.06640625 0.03359375
0 0.6015625 0.16875 0.10390625 0.1046875
0 0.8203125 0.16875 0.07109375 0.05
0 0.68828125 0.17265625 0.07109375 0.0578125
0 0.125 0.01796875 0.06484375 0.0359375
0 0.9515625 0.1875 0.07734375 0.075
0 0.871875 0.209375 0.0765625 0.08359375
0 0.4890625 0.021875 0.0796875 0.04375
0 0.6140625 0.021875 0.075 0.04375
0 0.359375 0.215625 0.10390625 0.0984375
0 0.65 0.2203125 0.07734375 0.08515625
0 0.8046875 0.22578125 0.08359375 0.0859375
0 0.98203125 0.2296875 0.0359375 0.06875
0 0.94296875 0.23046875 0.04609375 0.05390625
0 0.58046875 0.2421875 0.09609375 0.0828125
0 0.88984375 0.246875 0.0578125 0.05625
0 0.0625 0.025 0.07265625 0.05
0 0.4921875 0.2578125 0.1 0.1046875
0 0.846875 0.27109375 0.05859375 0.0703125
0 0.409375 0.27421875 0.09140625 0.09375
0 0.678125 0.028125 0.0734375 0.05625
0 0.9359375 0.28984375 0.0671875 0.0671875
0 0.37109375 0.29453125 0.0578125 0.0765625
0 0.9796875 0.3015625 0.03984375 0.08984375
0 0.240625 0.3015625 0.08125 0.0890625
0 0.1515625 0.30703125 0.08125 0.0859375
0 0.1671875 0.03203125 0.0625 0.0640625
0 0.4421875 0.3234375 0.09140625 0.0703125
0 0.8796875 0.34453125 0.0875 0.08359375
0 0.3890625 0.3484375 0.07890625 0.0765625
0 0.94140625 0.3484375 0.0703125 0.075
0 0.19765625 0.35703125 0.0828125 0.0859375
0 0.12578125 0.3703125 0.07890625 0.08515625
0 0.984375 0.3703125 0.03125 0.07734375
0 0.4296875 0.0375 0.08515625 0.075
0 0.43046875 0.38671875 0.0890625 0.0859375
0 0.5359375 0.03984375 0.0734375 0.0703125
0 0.92578125 0.40703125 0.06875 0.0765625
0 0.1625 0.4078125 0.075 0.06015625
0 0.52265625 0.4109375 0.1 0.0984375
0 0.8515625 0.41953125 0.08984375 0.10390625
0 0.778125 0.4234375 0.0734375 0.08359375
0 0.29609375 0.425 0.07734375 0.0625
0 0.98359375 0.42890625 0.0328125 0.0375
0 0.628125 0.4359375 0.08359375 0.0859375
0 0.42265625 0.45078125 0.075 0.0734375
0 0.56953125 0.46484375 0.07109375 0.0796875
0 0.8234375 0.465625 0.0625 0.0515625
0 0.98046875 0.47109375 0.0390625 0.06015625
0 0.98359375 0.0484375 0.0328125 0.0609375
0 0.2421875 0.47734375 0.0796875 0.0875
0 0.29765625 0.48203125 0.07734375 0.0765625
0 0.6359375 0.48828125 0.06875 0.0640625
0 0.4953125 0.49375 0.10234375 0.10234375
0 0.3859375 0.51875 0.10625 0.09765625
0 0.56796875 0.5203125 0.08359375 0.075
0 0.278125 0.5265625 0.0640625 0.07265625
0 0.7734375 0.5265625 0.09609375 0.08984375
0 0.9734375 0.528125 0.05234375 0.07109375
0 0.8390625 0.5296875 0.0765625 0.0828125
0 0.3296875 0.5421875 0.09140625 0.09765625
0 0.4625 0.55625 0.09765625 0.0953125
0 0.553125 0.5796875 0.1015625 0.0953125
0 0.725 0.58359375 0.10234375 0.1
0 0.5609375 0.059375 0.075 0.08125
0 0.3875 0.5953125 0.07265625 0.07109375
0 0.7984375 0.59765625 0.06875 0.0796875
0 0.65546875 0.6109375 0.0734375 0.07734375
0 0.8578125 0.6234375 0.09140625 0.09765625
0 0.4390625 0.62421875 0.07265625 0.0765625
0 0.5171875 0.00703125 0.0171875 0.0015625
0 0.5015625 0.63125 0.0890625 0.0953125
0 0.2578125 0.6453125 0.0734375 0.07890625
0 0.31015625 0.6484375 0.07734375 0.0765625
0 0.9171875 0.65546875 0.0625 0.06640625
0 0.62578125 0.0671875 0.0734375 0.0609375
0 0.3890625 0.6625 0.08359375 0.0828125
0 0.08203125 0.06796875 0.06640625 0.07109375
0 0.88984375 0.68515625 0.0875 0.1
0 0.77421875 0.06875 0.08125 0.0828125
0 0.821875 0.68984375 0.08359375 0.0875
0 0.446875 0.69765625 0.0890625 0.0875
0 0.4859375 0.0703125 0.06484375 0.06484375
0 0.37265625 0.71484375 0.07734375 0.0578125
0 0.32421875 0.7359375 0.1015625 0.08984375
0 0.8203125 0.73671875 0.0828125 0.0484375
0 0.26484375 0.740625 0.06484375 0.0890625
0 0.878125 0.74375 0.07890625 0.0625
0 0.1859375 0.7546875 0.0921875 0.09609375
0 0.17890625 0.0765625 0.06484375 0.08125
0 0.73359375 0.76640625 0.07734375 0.075
0 0.671875 0.76953125 0.08359375 0.09140625
0 0.146875 0.78515625 0.0515625 0.06484375
0 0.134375 0.07890625 0.05625 0.0625
0 0.38359375 0.07890625 0.0828125 0.0796875
0 0.0859375 0.790625 0.07265625 0.0484375
0 0.41640625 0.796875 0.075 0.07890625
0 0.475 0.79765625 0.08515625 0.0875
0 0.3015625 0.8078125 0.075 0.0921875
0 0.8140625 0.8078125 0.0953125 0.1
0 0.8703125 0.81328125 0.0703125 0.09375
0 0.2140625 0.825 0.07109375 0.07734375
0 0.365625 0.82578125 0.08359375 0.08125
0 0.1109375 0.8296875 0.06015625 0.04765625
0 0.16796875 0.83984375 0.07890625 0.07734375
0 0.70234375 0.8421875 0.1 0.0984375
0 0.4328125 0.8484375 0.0703125 0.06484375
0 0.3328125 0.8703125 0.07265625 0.05625
0 0.7703125 0.871875 0.08984375 0.08359375
0 0.94453125 0.0875 0.09140625 0.0953125
0 0.8328125 0.88046875 0.07109375 0.0859375
0 0.19921875 0.8859375 0.06640625 0.07265625
0 0.2609375 0.896875 0.09609375 0.09375
0 0.9015625 0.9 0.06640625 0.0875
0 0.13671875 0.91796875 0.0890625 0.0859375
0 0.86640625 0.921875 0.075 0.09140625
0 0.2078125 0.9515625 0.0875 0.0890625
0 0.721875 0.9515625 0.09609375 0.09375
0 0.7984375 0.9578125 0.09375 0.08359375
0 0.4578125 0.959375 0.08359375 0.06640625
0 0.09609375 0.9671875 0.0875 0.06484375
0 0.14921875 0.97109375 0.05625 0.0578125
0 0.37109375 0.984375 0.08515625 0.03125
0 0.9875 0.1046875 0.025 0.10234375
0 0.665625 0.109375 0.0515625 0.0640625
0 0.61875 0.1140625 0.0546875 0.0453125
0 0.715625 0.115625 0.0890625 0.09609375
0 0.4359375 0.11640625 0.09140625 0.0875
0 0.11640625 0.11640625 0.06015625 0.0625
0 0.35234375 0.1203125 0.06484375 0.0625
0 0.8234375 0.12109375 0.08984375 0.08984375