0 0.27421875 0.20390625 0.13515625 0.12890625
0 0.38359375 0.2359375 0.13125 0.14140625
0 0.18203125 0.2578125 0.125 0.125
0 0.1125 0.2984375 0.09375 0.103125
0 0.471875 0.3109375 0.11328125 0.1375
0 0.36796875 0.3515625 0.14296875 0.1234375
0 0.19453125 0.3546875 0.071875 0.0734375
0 0.26328125 0.36953125 0.12109375 0.13125
0 0.53359375 0.37890625 0.08515625 0.12890625
0 0.18984375 0.42109375 0.09375 0.103125
0 0.44765625 0.428125 0.13125 0.1328125
0 0.3421875 0.43828125 0.1234375 0.10546875
0 0.79140625 0.48828125 0.0796875 0.065625
0 0.6171875 0.49140625 0.1171875 0.103125
0 0.71875 0.49765625 0.125 0.10546875
0 0.8171875 0.5546875 0.11953125 0.13125
0 0.65 0.5609375 0.13515625 0.1390625
0 0.4625 0.58046875 0.12109375 0.115625
0 0.73359375 0.62265625 0.1234375 0.12734375
0 0.415625 0.63828125 0.0953125 0.0796875
0 0.81484375 0.65625 0.09140625 0.103125
0 0.50703125 0.6578125 0.1234375 0.13515625
0 0.64140625 0.6640625 0.12890625 0.11171875
0 0.7265625 0.70546875 0.08515625 0.08359375
0 0.41875 0.709375 0.1328125 0.13125
0 0.56953125 0.73125 0.08515625 0.0953125
0 0.65625 0.7484375 0.12734375 0.12109375
0 0.8078125 0.75859375 0.1171875 0.12109375
0 0.396875 0.8 0.07734375 0.10546875
0 0.47109375 0.8078125 0.13125 0.12890625
0 0.72734375 0.81484375 0.14296875 0.13125
0 0.60546875 0.8203125 0.12890625 0.12890625
0 0.7890625 0.85859375 0.115625 0.11171875
0 0.4890625 0.890625 0.12734375 0.0953125
0 0.3125 0.134375 0.13125 0.125