0 0.34296875 0.27265625 0.10703125 0.16484375
0 0.475 0.2953125 0.11015625 0.18515625
0 0.709375 0.3109375 0.1484375 0.2171875
0 0.896875 0.3109375 0.08671875 0.0875
0 0.09453125 0.35859375 0.08203125 0.12265625
0 0.40078125 0.37109375 0.11484375 0.1421875
0 0.628125 0.375 0.10703125 0.18515625
0 0.1640625 0.37734375 0.071875 0.1
0 0.91328125 0.40859375 0.09296875 0.15234375
0 0.4953125 0.4125 0.11015625 0.16484375
0 0.79453125 0.4296875 0.1015625 0.1796875
0 0.58984375 0.4453125 0.11015625 0.2046875
0 0.0328125 0.44609375 0.06484375 0.14765625
0 0.4203125 0.46484375 0.096875 0.125
0 0.709375 0.4796875 0.13203125 0.175
0 0.275 0.50625 0.10703125 0.15234375
0 0.534375 0.51484375 0.071875 0.15
0 0.08515625 0.53125 0.10703125 0.1828125
0 0.34453125 0.5390625 0.09140625 0.1171875
0 0.46953125 0.55 0.1046875 0.16484375
0 0.88515625 0.5625 0.1265625 0.16484375
0 0.39140625 0.59375 0.1203125 0.20234375
0 0.6953125 0.59609375 0.15 0.1671875
0 0.96171875 0.0609375 0.0765625 0.121875
0 0.95546875 0.6109375 0.08828125 0.1625
0 0.13671875 0.62265625 0.0765625 0.11015625
0 0.5859375 0.6296875 0.1453125 0.225
0 0.80078125 0.65 0.121875 0.1953125
0 0.04921875 0.6546875 0.0984375 0.175
0 0.36484375 0.6828125 0.10703125 0.13984375
0 0.48203125 0.70625 0.1296875 0.17265625
0 0.17421875 0.7109375 0.11796875 0.1625
0 0.9109375 0.71640625 0.14140625 0.19765625
0 0.115625 0.77265625 0.1015625 0.16015625
0 0.81640625 0.8046875 0.15703125 0.16484375
0 0.37265625 0.8078125 0.121875 0.1546875
0 0.1609375 0.83515625 0.09140625 0.11484375
0 0.5890625 0.8984375 0.13203125 0.1671875
0 0.828125 0.9125 0.0765625 0.08515625
0 0.24921875 0.9375 0.125 0.125
0 0.3875 0.95234375 0.08828125 0.0953125
0 0.16796875 0.95390625 0.103125 0.0921875
0 0.0453125 0.95390625 0.08984375 0.0921875
0 0.46796875 0.95390625 0.1203125 0.0921875
0 0.33203125 0.9609375 0.08359375 0.07734375
0 0.76015625 0.9671875 0.0765625 0.06484375
0 0.91171875 0.11875 0.13671875 0.2375
0 0.71796875 0.2078125 0.146875 0.1546875
0 0.9609375 0.2125 0.078125 0.1953125