0 0.2734375 0.21015625 0.13359375 0.1453125
0 0.36796875 0.23359375 0.14375 0.140625
0 0.6609375 0.2625 0.12578125 0.115625
0 0.51796875 0.3015625 0.1375 0.140625
0 0.63515625 0.31640625 0.15078125 0.140625
0 0.1921875 0.31875 0.1203125 0.1421875
0 0.2921875 0.3375 0.1421875 0.15859375
0 0.44765625 0.3765625 0.1421875 0.12578125
0 0.55703125 0.4140625 0.109375 0.1140625
0 0.36171875 0.43671875 0.1484375 0.15234375
0 0.23203125 0.453125 0.14375 0.16171875
0 0.44609375 0.4984375 0.15546875 0.15390625
0 0.64296875 0.5046875 0.15546875 0.140625
0 0.54375 0.51484375 0.0828125 0.12734375
0 0.3171875 0.55703125 0.165625 0.1390625
0 0.55703125 0.59921875 0.13203125 0.1109375
0 0.97890625 0.63125 0.0421875 0.19375
0 0.43828125 0.65703125 0.1421875 0.13046875
0 0.58984375 0.6734375 0.10546875 0.1078125
0 0.94140625 0.73125 0.1171875 0.146875
0 0.5421875 0.76796875 0.1453125 0.15390625
0 0.41796875 0.7703125 0.115625 0.11875
0 0.63359375 0.80234375 0.09765625 0.1140625
0 0.36875 0.86484375 0.13203125 0.1390625
0 0.4984375 0.87578125 0.14375 0.13203125
0 0.421875 0.93984375 0.10234375 0.09453125