0 0.53671875 0.16171875 0.0609375 0.046875
0 0.63046875 0.16171875 0.09140625 0.06875
0 0.43359375 0.190625 0.0890625 0.0609375
0 0.4890625 0.19296875 0.07421875 0.0515625
0 0.66484375 0.19921875 0.0953125 0.0609375
0 0.5671875 0.2015625 0.1171875 0.065625
0 0.47421875 0.23046875 0.06484375 0.04140625
0 0.67421875 0.24609375 0.10859375 0.06875
0 0.51328125 0.25546875 0.09140625 0.0609375
0 0.59375 0.259375 0.14375 0.07734375
0 0.871875 0.2796875 0.09140625 0.0734375
0 0.50859375 0.30859375 0.1171875 0.08671875
0 0.6859375 0.31015625 0.11953125 0.08203125
0 0.775 0.3140625 0.08515625 0.06875
0 0.59765625 0.32890625 0.1171875 0.08515625
0 0.91640625 0.3359375 0.05859375 0.05
0 0.96171875 0.34765625 0.07578125 0.053125
0 0.80625 0.359375 0.0953125 0.0734375
0 0.73359375 0.375 0.08515625 0.06875
0 0.51171875 0.3765625 0.09765625 0.071875
0 0.928125 0.378125 0.08671875 0.05625
0 0.65546875 0.38671875 0.10625 0.07578125
0 0.5828125 0.38984375 0.06484375 0.0546875
0 0.34140625 0.46328125 0.09140625 0.05
0 0.5953125 0.46484375 0.13046875 0.09296875
0 0.50234375 0.47421875 0.1171875 0.07421875
0 0.0828125 0.48203125 0.06484375 0.05
0 0.31875 0.5078125 0.0546875 0.04375
0 0.52421875 0.521875 0.1171875 0.07578125
0 0.42734375 0.534375 0.14140625 0.09453125
0 0.62421875 0.5375 0.10859375 0.08203125
0 0.05546875 0.53828125 0.06328125 0.05
0 0.01953125 0.54296875 0.03515625 0.053125
0 0.1 0.56875 0.05234375 0.04375
0 0.04453125 0.57734375 0.05859375 0.04375
0 0.38515625 0.57890625 0.1 0.065625
0 0.54140625 0.58203125 0.12578125 0.06875
0 0.0171875 0.6078125 0.034375 0.053125
0 0.45859375 0.609375 0.13046875 0.07421875
0 0.96796875 0.60859375 0.0640625 0.0859375
0 0.1390625 0.61015625 0.05234375 0.0453125
0 0.3578125 0.6171875 0.06328125 0.05
0 0.1828125 0.62578125 0.04765625 0.03984375
0 0.53125 0.63671875 0.10234375 0.065625
0 0.296875 0.6390625 0.11484375 0.07890625
0 0.8546875 0.64921875 0.10859375 0.07734375
0 0.9375 0.66875 0.125 0.08125
0 0.196875 0.6765625 0.07578125 0.053125
0 0.44921875 0.67734375 0.1328125 0.09140625
0 0.403125 0.76796875 0.09375 0.04140625
0 0.23125 0.7828125 0.13671875 0.09921875
0 0.38359375 0.8078125 0.128125 0.09609375
0 0.4640625 0.8234375 0.07578125 0.0671875
0 0.18515625 0.83984375 0.1046875 0.0703125
0 0.53515625 0.840625 0.1046875 0.071875
0 0.2859375 0.846875 0.12421875 0.09921875
0 0.67421875 0.8515625 0.11328125 0.08984375
0 0.4640625 0.8875 0.11953125 0.09453125
0 0.58046875 0.9046875 0.15234375 0.08984375
0 0.66171875 0.9140625 0.09375 0.05625
0 0.51640625 0.9453125 0.10625 0.0671875
0 0.56640625 0.971875 0.1109375 0.05625
0 0.54375 0.1046875 0.0953125 0.0515625
0 0.62421875 0.12265625 0.078125 0.046875
0 0.5578125 0.1453125 0.0890625 0.065625