0 0.45390625 0.184375 0.034375 0.0234375
0 0.1921875 0.1875 0.0453125 0.04375
0 0.9515625 0.1890625 0.034375 0.03984375
0 0.92265625 0.190625 0.034375 0.03984375
0 0.42265625 0.19609375 0.0421875 0.03984375
0 0.97265625 0.20546875 0.05078125 0.03671875
0 0.6234375 0.20625 0.03984375 0.034375
0 0.19609375 0.2203125 0.03671875 0.0328125
0 0.63828125 0.22734375 0.0328125 0.03671875
0 0.215625 0.2296875 0.034375 0.02734375
0 0.6078125 0.23203125 0.034375 0.034375
0 0.7234375 0.02421875 0.03984375 0.034375
0 0.978125 0.23828125 0.04375 0.04765625
0 0.465625 0.24296875 0.0328125 0.034375
0 0.4984375 0.24453125 0.03671875 0.034375
0 0.6625 0.2484375 0.034375 0.0421875
0 0.634375 0.25625 0.03984375 0.03984375
0 0.9578125 0.26015625 0.04375 0.03671875
0 0.6 0.2609375 0.04375 0.034375
0 0.91484375 0.02734375 0.03984375 0.04375
0 0.70078125 0.27734375 0.03828125 0.03828125
0 0.7390625 0.2796875 0.034375 0.0328125
0 0.4828125 0.28125 0.03125 0.034375
0 0.621875 0.2828125 0.03984375 0.03125
0 0.45 0.0296875 0.034375 0.03125
0 0.68671875 0.29765625 0.03125 0.03125
0 0.19921875 0.29765625 0.04765625 0.0453125
0 0.165625 0.3 0.03671875 0.03984375
0 0.70390625 0.30625 0.03671875 0.03828125
0 0.18828125 0.3265625 0.0453125 0.02734375
0 0.97421875 0.32734375 0.04765625 0.04375
0 0.4 0.334375 0.0328125 0.03671875
0 0.58828125 0.3421875 0.0421875 0.03671875
0 0.8296875 0.35625 0.0421875 0.04375
0 0.98046875 0.35546875 0.0390625 0.0359375
0 0.8 0.36171875 0.04375 0.03671875
0 0.88828125 0.03671875 0.03125 0.02890625
0 0.60546875 0.36484375 0.03984375 0.0421875
0 0.45078125 0.36875 0.02890625 0.03984375
0 0.56484375 0.36875 0.0453125 0.04375
0 0.42578125 0.3765625 0.03671875 0.03671875
0 0.86875 0.38125 0.02890625 0.03828125
0 0.53515625 0.3828125 0.03125 0.03828125
0 0.7875 0.38671875 0.02890625 0.02734375
0 0.40546875 0.3921875 0.02890625 0.034375
0 0.8296875 0.39453125 0.034375 0.0328125
0 0.6015625 0.39921875 0.03984375 0.03828125
0 0.55 0.040625 0.04921875 0.03125
0 0.55703125 0.4046875 0.0453125 0.0421875
0 0.5984375 0.0421875 0.03671875 0.03671875
0 0.6328125 0.04296875 0.04765625 0.0421875
0 0.73125 0.41796875 0.0328125 0.0328125
0 0.52265625 0.42109375 0.034375 0.03828125
0 0.2296875 0.43203125 0.0453125 0.04921875
0 0.71484375 0.434375 0.03671875 0.03671875
0 0.5390625 0.43515625 0.02734375 0.03125
0 0.19609375 0.43671875 0.03984375 0.03984375
0 0.56640625 0.4421875 0.0453125 0.04765625
0 0.78125 0.44375 0.04921875 0.03984375
0 0.13359375 0.4484375 0.03125 0.04921875
0 0.73359375 0.45 0.034375 0.034375
0 0.16875 0.45078125 0.0328125 0.03671875
0 0.74453125 0.0453125 0.0421875 0.04375
0 0.53125 0.46015625 0.03984375 0.0328125
0 0.2046875 0.46796875 0.03828125 0.034375
0 0.1828125 0.47265625 0.03125 0.0328125
0 0.70234375 0.47578125 0.03125 0.03125
0 0.74296875 0.47578125 0.03125 0.03125
0 0.67109375 0.48828125 0.04375 0.03828125
0 0.7046875 0.05 0.03828125 0.034375
0 0.6984375 0.50625 0.03984375 0.0421875
0 0.38671875 0.5078125 0.03828125 0.03828125
0 0.4328125 0.52265625 0.0328125 0.02734375
0 0.40625 0.53125 0.0453125 0.04375
0 0.64375 0.590625 0.05078125 0.04765625
0 0.59921875 0.61171875 0.03125 0.03125
0 0.76328125 0.621875 0.021875 0.02890625
0 0.6375 0.6265625 0.0421875 0.034375
0 0.7875 0.6296875 0.04375 0.0453125
0 0.73984375 0.63359375 0.03671875 0.034375
0 0.5234375 0.634375 0.03671875 0.03671875
0 0.55390625 0.6421875 0.0453125 0.04375
0 0.5875 0.6484375 0.04375 0.0421875
0 0.7625 0.65 0.03828125 0.03828125
0 0.6171875 0.65234375 0.034375 0.03671875
0 0.8078125 0.65546875 0.03125 0.03125
0 0.74453125 0.66328125 0.0421875 0.03671875
0 0.5546875 0.0671875 0.03984375 0.03984375
0 0.421875 0.67734375 0.03984375 0.0421875
0 0.61796875 0.67734375 0.03671875 0.0234375
0 0.88125 0.68671875 0.03828125 0.04921875
0 0.74921875 0.690625 0.03984375 0.03984375
0 0.78984375 0.7015625 0.034375 0.02890625
0 0.41171875 0.70234375 0.034375 0.0203125
0 0.91015625 0.70625 0.03828125 0.03828125
0 0.68828125 0.07109375 0.03828125 0.03671875
0 0.765625 0.71171875 0.0328125 0.03125
0 0.4328125 0.7125 0.04765625 0.03984375
0 0.87734375 0.71484375 0.03125 0.02890625
0 0.6875 0.74375 0.04375 0.0328125
0 0.53515625 0.7578125 0.034375 0.03984375
0 0.78515625 0.76328125 0.03671875 0.03984375
0 0.75 0.77109375 0.02734375 0.03671875
0 0.7046875 0.77265625 0.03828125 0.03984375
0 0.77265625 0.77578125 0.0328125 0.034375
0 0.2515625 0.07890625 0.03828125 0.03125
0 0.72734375 0.790625 0.04375 0.04375
0 0.528125 0.79609375 0.04921875 0.04375
0 0.77578125 0.79921875 0.0453125 0.034375
0 0.27890625 0.8 0.03828125 0.04765625
0 0.5703125 0.80625 0.03125 0.034375
0 0.7203125 0.8296875 0.0546875 0.05234375
0 0.5421875 0.83125 0.02578125 0.02578125
0 0.52421875 0.83203125 0.03125 0.034375
0 0.60078125 0.8453125 0.02734375 0.02890625
0 0.4296875 0.85 0.034375 0.034375
0 0.53359375 0.85390625 0.03125 0.03125
0 0.55703125 0.85390625 0.02734375 0.03125
0 0.62890625 0.85703125 0.0328125 0.034375
0 0.58359375 0.859375 0.02890625 0.03828125
0 0.47109375 0.865625 0.02578125 0.03671875
0 0.6109375 0.8671875 0.0328125 0.03984375
0 0.44609375 0.871875 0.034375 0.03828125
0 0.65546875 0.8765625 0.0234375 0.03671875
0 0.56796875 0.8828125 0.03828125 0.0421875
0 0.83359375 0.88359375 0.034375 0.0328125
0 0.634375 0.88828125 0.04375 0.0453125
0 0.68515625 0.890625 0.04375 0.03671875
0 0.80546875 0.89375 0.03671875 0.034375
0 0.59765625 0.8953125 0.0421875 0.0421875
0 0.8546875 0.90390625 0.03671875 0.04375
0 0.65546875 0.90625 0.02734375 0.03125
0 0.82578125 0.9109375 0.03671875 0.03671875
0 0.63203125 0.92265625 0.03828125 0.03828125
0 0.42890625 0.9734375 0.03984375 0.0421875
0 0.4765625 0.9796875 0.03984375 0.03671875
0 0.20546875 0.10390625 0.03671875 0.03671875
0 0.70546875 0.10390625 0.03671875 0.03671875
0 0.734375 0.11015625 0.0328125 0.034375
0 0.24375 0.1109375 0.02890625 0.02890625
0 0.1875 0.11796875 0.03984375 0.03671875
0 0.67578125 0.12109375 0.03125 0.03125
0 0.75546875 0.1265625 0.034375 0.034375
0 0.1015625 0.12734375 0.02890625 0.021875
0 0.2265625 0.134375 0.03828125 0.02890625
0 0.65234375 0.13671875 0.04375 0.04375
0 0.14296875 0.14296875 0.034375 0.034375
0 0.62578125 0.1484375 0.0328125 0.03125
0 0.72890625 0.15234375 0.03984375 0.03984375
0 0.76171875 0.15234375 0.03984375 0.03984375
0 0.19921875 0.15390625 0.0421875 0.0421875
0 0.94609375 0.15546875 0.0421875 0.0421875
0 0.45078125 0.15703125 0.0328125 0.03828125
0 0.88203125 0.165625 0.0328125 0.03671875
0 0.9171875 0.165625 0.03828125 0.03671875
0 0.17265625 0.16796875 0.03671875 0.03828125
0 0.98125 0.17578125 0.0375 0.0296875
0 0.39375 0.178125 0.0421875 0.0328125
0 0.89609375 0.17890625 0.02890625 0.034375