0 0.67734375 0.26484375 0.13203125 0.2234375
0 0.5390625 0.27578125 0.13828125 0.19765625
0 0.35546875 0.27890625 0.13203125 0.171875
0 0.6140625 0.3125 0.1796875 0.2234375
0 0.7578125 0.38125 0.1109375 0.17578125
0 0.4140625 0.38515625 0.14765625 0.17734375
0 0.29296875 0.40859375 0.15859375 0.2140625
0 0.5765625 0.446875 0.1109375 0.146875
0 0.68828125 0.45 0.12109375 0.21015625
0 0.4953125 0.50625 0.1203125 0.18671875
0 0.76953125 0.50703125 0.07734375 0.15
0 0.228125 0.56171875 0.096875 0.153125
0 0.384375 0.57421875 0.153125 0.27421875
0 0.2875 0.58984375 0.12265625 0.21015625
0 0.62578125 0.59375 0.13203125 0.19921875
0 0.5328125 0.625 0.1703125 0.2484375
0 0.18203125 0.6953125 0.10859375 0.14375
0 0.6921875 0.7 0.11953125 0.159375
0 0.2984375 0.73046875 0.103125 0.140625
0 0.459375 0.76796875 0.16953125 0.26328125
0 0.61171875 0.7765625 0.15546875 0.2203125
0 0.2390625 0.80546875 0.1171875 0.14375
0 0.1609375 0.81640625 0.11171875 0.14375
0 0.0625 0.8234375 0.1171875 0.18359375
0 0.07109375 0.96171875 0.1375 0.0765625