0 0.38125 0.0265625 0.0546875 0.053125
0 0.16328125 0.38359375 0.07578125 0.0578125
0 0.79375 0.39609375 0.0921875 0.0921875
0 0.55234375 0.47421875 0.0796875 0.0671875
0 0.75625 0.49453125 0.090625 0.0734375
0 0.4890625 0.50078125 0.09609375 0.0859375
0 0.59609375 0.51171875 0.0515625 0.0546875
0 0.809375 0.51875 0.07421875 0.08125
0 0.55546875 0.52890625 0.06640625 0.0671875
0 0.19921875 0.5375 0.09453125 0.09375
0 0.43203125 0.54921875 0.10078125 0.0859375
0 0.7421875 0.56640625 0.0859375 0.0859375
0 0.4984375 0.56796875 0.0875 0.0703125
0 0.66484375 0.56875 0.10546875 0.0875
0 0.3265625 0.57421875 0.07109375 0.0703125
0 0.32265625 0.0578125 0.07265625 0.065625
0 0.8953125 0.5765625 0.09453125 0.0875
0 0.103125 0.5765625 0.0875 0.08125
0 0.834375 0.59140625 0.07578125 0.0890625
0 0.4328125 0.603125 0.0890625 0.059375
0 0.93046875 0.61640625 0.0859375 0.0890625
0 0.059375 0.62265625 0.0859375 0.0734375
0 0.51328125 0.625 0.06484375 0.0640625
0 0.7859375 0.63515625 0.09453125 0.06875
0 0.209375 0.6359375 0.08125 0.0703125
0 0.8703125 0.6484375 0.08125 0.0703125
0 0.29765625 0.65859375 0.07265625 0.071875
0 0.78359375 0.67734375 0.09921875 0.05625
0 0.54453125 0.68203125 0.084375 0.06875
0 0.940625 0.68359375 0.0921875 0.078125
0 0.44765625 0.690625 0.07578125 0.0703125
0 0.865625 0.69375 0.08125 0.0515625
0 0.5015625 0.69765625 0.084375 0.08125
0 0.19765625 0.70390625 0.07421875 0.0875
0 0.15546875 0.721875 0.09609375 0.0828125
0 0.45546875 0.740625 0.0875 0.0734375