0 0.3 0.87890625 0.14453125 0.15
0 0.13984375 0.08828125 0.15 0.16328125
0 0.23984375 0.09375 0.08671875 0.1109375
0 0.7625 0.09765625 0.1453125 0.16171875
0 0.33515625 0.125 0.13359375 0.16875
0 0.66796875 0.13515625 0.084375 0.1078125
0 0.2046875 0.1953125 0.15390625 0.18671875
0 0.8453125 0.21328125 0.14296875 0.17265625
0 0.10703125 0.23359375 0.12890625 0.159375
0 0.5671875 0.24296875 0.12890625 0.15546875
0 0.71875 0.24453125 0.14375 0.1765625
0 0.3296875 0.25078125 0.13671875 0.15390625
0 0.43828125 0.29765625 0.1359375 0.15390625
0 0.328125 0.03359375 0.10546875 0.0625
0 0.6421875 0.334375 0.140625 0.1328125
0 0.2859375 0.3671875 0.1328125 0.13515625
0 0.1828125 0.37421875 0.13515625 0.14453125
0 0.540625 0.38515625 0.1140625 0.17109375
0 0.66015625 0.03984375 0.096875 0.07421875
0 0.74921875 0.4 0.13203125 0.15390625
0 0.4015625 0.40234375 0.128125 0.1546875
0 0.50078125 0.4265625 0.10390625 0.146875
0 0.63671875 0.4484375 0.16015625 0.17265625
0 0.1984375 0.4671875 0.12109375 0.159375
0 0.2265625 0.046875 0.13515625 0.09375
0 0.303125 0.47890625 0.13984375 0.1625
0 0.8328125 0.50234375 0.10078125 0.1703125
0 0.13125 0.51484375 0.115625 0.16015625
0 0.4078125 0.52578125 0.13671875 0.153125
0 0.75 0.5296875 0.1265625 0.16171875
0 0.5796875 0.56015625 0.115625 0.15703125
0 0.51171875 0.57265625 0.12265625 0.1734375
0 0.66015625 0.5828125 0.1140625 0.1296875
0 0.23046875 0.58828125 0.13359375 0.1671875
0 0.82734375 0.6203125 0.10859375 0.1328125
0 0.3296875 0.63515625 0.12890625 0.175
0 0.42890625 0.65 0.1453125 0.17890625
0 0.7296875 0.675 0.13046875 0.17265625
0 0.1703125 0.6765625 0.121875 0.175
0 0.61953125 0.6921875 0.1265625 0.1734375
0 0.4796875 0.7234375 0.1484375 0.1640625
0 0.259375 0.7359375 0.1359375 0.16171875
0 0.36171875 0.76875 0.12109375 0.146875
0 0.1953125 0.8046875 0.121875 0.15859375
0 0.59453125 0.084375 0.1234375 0.12890625