0 0.328125 0.30546875 0.16796875 0.17890625
0 0.29375 0.371875 0.1515625 0.2140625
0 0.15703125 0.3796875 0.11953125 0.20234375
0 0.43515625 0.38359375 0.1484375 0.14765625
0 0.221875 0.46484375 0.103125 0.14375
0 0.33671875 0.4671875 0.12890625 0.18671875
0 0.603125 0.50390625 0.10546875 0.15546875
0 0.52578125 0.51171875 0.1375 0.2375
0 0.728125 0.51875 0.1890625 0.24296875
0 0.43203125 0.5265625 0.146875 0.2078125
0 0.2625 0.54375 0.09140625 0.1578125
0 0.63359375 0.6203125 0.103125 0.13984375
0 0.33515625 0.6359375 0.17109375 0.2296875
0 0.80390625 0.659375 0.103125 0.22578125
0 0.46484375 0.671875 0.14609375 0.165625
0 0.71796875 0.7234375 0.1609375 0.22578125
0 0.60859375 0.7375 0.15 0.2140625