0 0.659375 0.190625 0.0890625 0.1421875
0 0.58359375 0.2109375 0.07109375 0.12265625
0 0.6609375 0.28828125 0.0703125 0.096875
0 0.69921875 0.4171875 0.10078125 0.1359375
0 0.57109375 0.43125 0.1 0.1375
0 0.75625 0.44375 0.05078125 0.1
0 0.51328125 0.45546875 0.07578125 0.134375
0 0.65 0.50625 0.06171875 0.10859375
0 0.72421875 0.5296875 0.09609375 0.14921875
0 0.7765625 0.53984375 0.05078125 0.11015625
0 0.52578125 0.5421875 0.07265625 0.0875
0 0.596875 0.54609375 0.08828125 0.134375
0 0.4828125 0.59609375 0.06796875 0.10703125
0 0.53515625 0.6046875 0.078125 0.11328125
0 0.6671875 0.6171875 0.08984375 0.134375
0 0.77421875 0.6296875 0.0578125 0.1
0 0.61328125 0.6453125 0.06875 0.1
0 0.71875 0.68046875 0.10078125 0.14375
0 0.50234375 0.6875 0.07890625 0.12421875
0 0.5703125 0.696875 0.08203125 0.11328125
0 0.61875 0.71796875 0.06171875 0.0953125
0 0.66328125 0.7359375 0.06484375 0.10859375
0 0.553125 0.75859375 0.07734375 0.096875
0 0.71171875 0.77265625 0.07421875 0.0984375
0 0.75234375 0.7796875 0.053125 0.11171875
0 0.62421875 0.80078125 0.09609375 0.11796875
0 0.6953125 0.83046875 0.05234375 0.06953125