0 0.29765625 0.20078125 0.09609375 0.0859375
0 0.2703125 0.23671875 0.171875 0.1296875
0 0.334375 0.2828125 0.10390625 0.07421875
0 0.55234375 0.32265625 0.16796875 0.178125
0 0.25234375 0.334375 0.14375 0.115625
0 0.353125 0.34375 0.13828125 0.13203125
0 0.46328125 0.36875 0.134375 0.1140625
0 0.265625 0.41015625 0.1203125 0.0921875
0 0.63671875 0.43671875 0.14609375 0.15390625
0 0.278125 0.0453125 0.13984375 0.08984375
0 0.3453125 0.465625 0.16171875 0.16015625
0 0.47578125 0.490625 0.19609375 0.18984375
0 0.90703125 0.5 0.165625 0.14765625
0 0.62890625 0.540625 0.15390625 0.1859375
0 0.2359375 0.546875 0.171875 0.21015625
0 0.77109375 0.55 0.1421875 0.14375
0 0.96875 0.58125 0.06171875 0.16171875
0 0.86796875 0.62734375 0.16015625 0.1578125
0 0.3640625 0.628125 0.21171875 0.2
0 0.525 0.653125 0.165625 0.178125
0 0.16484375 0.66484375 0.16171875 0.16171875
0 0.74765625 0.671875 0.1359375 0.1359375
0 0.94765625 0.7171875 0.10390625 0.15
0 0.26171875 0.74921875 0.215625 0.1859375
0 0.6 0.74921875 0.14765625 0.17421875
0 0.83203125 0.7578125 0.171875 0.15234375
0 0.440625 0.775 0.20234375 0.178125
0 0.70625 0.784375 0.13984375 0.15625
0 0.8828125 0.84296875 0.1296875 0.13828125
0 0.52421875 0.87578125 0.184375 0.14765625
0 0.35625 0.09921875 0.128125 0.134375
0 0.7296875 0.103125 0.13203125 0.134375
0 0.25390625 0.1078125 0.1 0.09609375