0 0.6578125 0.1734375 0.0859375 0.14609375
0 0.58828125 0.19140625 0.0609375 0.09609375
0 0.6546875 0.27421875 0.0703125 0.10546875
0 0.70390625 0.4125 0.0921875 0.13359375
0 0.5703125 0.43046875 0.1 0.14453125
0 0.75234375 0.4515625 0.05 0.09140625
0 0.51640625 0.45390625 0.0890625 0.13359375
0 0.6546875 0.5015625 0.06328125 0.11328125
0 0.721875 0.53046875 0.09609375 0.16484375
0 0.5296875 0.53984375 0.06328125 0.08046875
0 0.78046875 0.5515625 0.05078125 0.13515625
0 0.59765625 0.55234375 0.0890625 0.12109375
0 0.48359375 0.603125 0.0671875 0.10859375
0 0.5390625 0.60546875 0.078125 0.12578125
0 0.6671875 0.61796875 0.08125 0.14765625
0 0.778125 0.640625 0.05234375 0.10546875
0 0.6140625 0.64921875 0.06796875 0.10390625
0 0.715625 0.6859375 0.0953125 0.14921875
0 0.49921875 0.7015625 0.078125 0.14765625
0 0.5640625 0.7015625 0.084375 0.12578125
0 0.6171875 0.7296875 0.06015625 0.09765625
0 0.66015625 0.7421875 0.0640625 0.11640625
0 0.54765625 0.7671875 0.07734375 0.10078125
0 0.70859375 0.78515625 0.0671875 0.09921875
0 0.74921875 0.78828125 0.0609375 0.11484375
0 0.62578125 0.809375 0.10390625 0.12890625
0 0.69921875 0.85 0.05234375 0.08671875