0 0.96953125 0.1546875 0.0609375 0.0875
0 0.73203125 0.15859375 0.0578125 0.07734375
0 0.6640625 0.16015625 0.034375 0.05625
0 0.5359375 0.16171875 0.05 0.0796875
0 0.571875 0.16875 0.0421875 0.053125
0 0.47265625 0.17421875 0.04140625 0.0546875
0 0.7890625 0.1875 0.02421875 0.04921875
0 0.91953125 0.18828125 0.06328125 0.07109375
0 0.7640625 0.1890625 0.03359375 0.0515625
0 0.6921875 0.18984375 0.05546875 0.07109375
0 0.50234375 0.190625 0.0359375 0.04921875
0 0.60703125 0.19921875 0.05859375 0.06640625
0 0.659375 0.20703125 0.04140625 0.0578125
0 0.8875 0.20703125 0.05703125 0.09453125
0 0.571875 0.20859375 0.04453125 0.04765625
0 0.984375 0.20859375 0.03125 0.06796875
0 0.48203125 0.2140625 0.0296875 0.04609375
0 0.953125 0.21875 0.04765625 0.06640625
0 0.096875 0.22109375 0.04296875 0.06484375
0 0.7359375 0.221875 0.04765625 0.059375
0 0.76484375 0.22265625 0.0234375 0.03984375
0 0.51015625 0.22578125 0.0359375 0.04609375
0 0.46484375 0.23125 0.02109375 0.0359375
0 0.5546875 0.2390625 0.03671875 0.0546875
0 0.12421875 0.24921875 0.04140625 0.05625
0 0.9296875 0.25078125 0.04921875 0.06640625
0 0.66875 0.25546875 0.05078125 0.07265625
0 0.76796875 0.26015625 0.03984375 0.0609375
0 0.48828125 0.26171875 0.04140625 0.0578125
0 0.09140625 0.26171875 0.034375 0.03671875
0 0.4421875 0.2640625 0.03359375 0.04140625
0 0.6375 0.2640625 0.04296875 0.07109375
0 0.7875 0.02734375 0.0421875 0.0546875
0 0.5390625 0.278125 0.03671875 0.0640625
0 0.70078125 0.28203125 0.05234375 0.07578125
0 0.4140625 0.28671875 0.0421875 0.0578125
0 0.98125 0.3015625 0.0375 0.07890625
0 0.45390625 0.30234375 0.05703125 0.0625
0 0.6734375 0.3046875 0.0421875 0.04609375
0 0.740625 0.3046875 0.04765625 0.06953125
0 0.778125 0.31015625 0.03359375 0.0546875
0 0.646875 0.31484375 0.034375 0.0546875
0 0.46171875 0.3265625 0.04296875 0.04609375
0 0.8015625 0.3328125 0.0390625 0.04921875
0 0.7109375 0.34453125 0.0546875 0.07265625
0 0.3453125 0.34609375 0.04296875 0.0578125
0 0.75 0.346875 0.03984375 0.05
0 0.4390625 0.34921875 0.034375 0.04296875
0 0.4125 0.37265625 0.04921875 0.06640625
0 0.37421875 0.37421875 0.0390625 0.0609375
0 0.4875 0.37421875 0.04921875 0.06640625
0 0.7796875 0.38671875 0.03125 0.05
0 0.6578125 0.040625 0.04453125 0.0609375
0 0.74375 0.4046875 0.04296875 0.0625
0 0.38671875 0.4109375 0.0375 0.04921875
0 0.6890625 0.4171875 0.03359375 0.04609375
0 0.45703125 0.41875 0.04296875 0.06640625
0 0.34453125 0.41953125 0.04453125 0.053125
0 0.48671875 0.434375 0.03359375 0.059375
0 0.428125 0.4421875 0.04921875 0.06640625
0 0.74453125 0.4484375 0.04453125 0.0640625
0 0.70546875 0.45 0.05078125 0.07109375
0 0.378125 0.45703125 0.0625 0.07578125
0 0.3265625 0.459375 0.05078125 0.07421875
0 0.4546875 0.471875 0.05078125 0.06953125
0 0.7390625 0.0484375 0.0578125 0.06953125
0 0.40390625 0.51328125 0.05234375 0.07578125
0 0.35625 0.51875 0.065625 0.0796875
0 0.446875 0.52578125 0.05234375 0.07109375
0 0.121875 0.053125 0.0625 0.0890625
0 0.41484375 0.5625 0.028125 0.04609375
0 0.34609375 0.56796875 0.03671875 0.04921875
0 0.378125 0.56875 0.0390625 0.04765625
0 0.6109375 0.059375 0.0453125 0.05625
0 0.34921875 0.603125 0.05234375 0.04765625
0 0.4046875 0.6109375 0.053125 0.06953125
0 0.2953125 0.64296875 0.07109375 0.09453125
0 0.42578125 0.6453125 0.0546875 0.07890625
0 0.690625 0.065625 0.04765625 0.0578125
0 0.353125 0.6625 0.0609375 0.07734375
0 0.23203125 0.67109375 0.0421875 0.059375
0 0.2609375 0.6734375 0.034375 0.04296875
0 0.39296875 0.67890625 0.0390625 0.06484375
0 0.76171875 0.68203125 0.03203125 0.04921875
0 0.31796875 0.696875 0.04453125 0.0609375
0 0.20546875 0.703125 0.06015625 0.07578125
0 0.56328125 0.071875 0.03984375 0.04921875
0 0.5484375 0.7109375 0.02578125 0.0265625
0 0.278125 0.7125 0.0609375 0.0796875
0 0.67734375 0.7125 0.02578125 0.0328125
0 0.3640625 0.73125 0.0546875 0.06953125
0 0.5640625 0.73125 0.0140625 0.021875
0 0.5875 0.734375 0.01796875 0.028125
0 0.65546875 0.73671875 0.0203125 0.03671875
0 0.321875 0.74453125 0.05546875 0.06640625
0 0.6796875 0.746875 0.028125 0.0359375
0 0.253125 0.75 0.05078125 0.07890625
0 0.5890625 0.759375 0.01875 0.03125
0 0.54140625 0.76015625 0.02421875 0.0265625
0 0.20859375 0.7625 0.05234375 0.06953125
0 0.5703125 0.77734375 0.02109375 0.028125
0 0.5375 0.784375 0.02578125 0.03125
0 0.2796875 0.78515625 0.0640625 0.0828125
0 0.5890625 0.78515625 0.0265625 0.0296875
0 0.234375 0.79921875 0.05546875 0.0640625
0 0.5703125 0.8109375 0.02421875 0.034375
0 0.6375 0.08125 0.0421875 0.05
0 0.59765625 0.0828125 0.02890625 0.0359375
0 0.18203125 0.83984375 0.03984375 0.05
0 0.2046875 0.8640625 0.0421875 0.0328125
0 0.24921875 0.86484375 0.05078125 0.05625
0 0.77890625 0.0875 0.03359375 0.053125
0 0.08125 0.09375 0.06640625 0.084375
0 0.61796875 0.10859375 0.03359375 0.034375
0 0.69375 0.11484375 0.034375 0.0546875
0 0.52109375 0.1171875 0.0359375 0.04765625
0 0.56484375 0.11796875 0.0453125 0.0640625
0 0.64921875 0.11953125 0.03125 0.04921875
0 0.953125 0.1234375 0.05 0.0546875
0 0.9203125 0.13828125 0.05 0.0578125
0 0.62109375 0.14140625 0.053125 0.06953125