0 0.54140625 0.4546875 0.1078125 0.1265625
0 0.4078125 0.51328125 0.12734375 0.13984375
0 0.39765625 0.63046875 0.12421875 0.13203125
0 0.6828125 0.2140625 0.08671875 0.09140625
0 0.6234375 0.225 0.0734375 0.07578125
0 0.7234375 0.271875 0.08359375 0.1125
0 0.65390625 0.27265625 0.0953125 0.10859375
0 0.5671875 0.28828125 0.09609375 0.13125
0 0.42578125 0.3234375 0.1203125 0.12421875
0 0.7671875 0.36015625 0.09921875 0.13828125
0 0.459375 0.4046875 0.11484375 0.1484375
0 0.6 0.41015625 0.1296875 0.15390625
0 0.38359375 0.43515625 0.0984375 0.11875