0 0.41640625 0.95078125 0.04453125 0.040625
0 0.7109375 0.10546875 0.12421875 0.11796875
0 0.19375 0.115625 0.0703125 0.06484375
0 0.61953125 0.234375 0.05859375 0.065625
0 0.8171875 0.24140625 0.11015625 0.10625
0 0.9578125 0.32890625 0.06796875 0.06484375
0 0.5421875 0.49140625 0.11015625 0.10390625
0 0.76328125 0.49375 0.0515625 0.05546875
0 0.79296875 0.53125 0.05546875 0.06328125
0 0.4203125 0.534375 0.08515625 0.08671875
0 0.48359375 0.56171875 0.1 0.08984375
0 0.74921875 0.57109375 0.07109375 0.06328125
0 0.95546875 0.5765625 0.046875 0.04609375
0 0.37890625 0.5875 0.0984375 0.10078125
0 0.98046875 0.5984375 0.0390625 0.0609375
0 0.92421875 0.61796875 0.04140625 0.05078125
0 0.95859375 0.61953125 0.05 0.0546875
0 0.44140625 0.628125 0.11796875 0.1109375
0 0.86328125 0.646875 0.06640625 0.075
0 0.3 0.67890625 0.0890625 0.0890625
0 0.809375 0.69609375 0.09453125 0.0953125
0 0.22890625 0.71875 0.1 0.08046875
0 0.2109375 0.75546875 0.07421875 0.07578125
0 0.503125 0.8234375 0.06796875 0.0703125
0 0.3234375 0.86328125 0.04375 0.05390625
0 0.36171875 0.8640625 0.04609375 0.053125
0 0.30390625 0.88203125 0.04140625 0.05078125
0 0.4203125 0.91875 0.05703125 0.0546875