0 0.2125 0.14609375 0.09765625 0.1046875
0 0.675 0.175 0.0828125 0.0703125
0 0.2828125 0.1875 0.1015625 0.1
0 0.34296875 0.196875 0.07109375 0.09375
0 0.74296875 0.20234375 0.0640625 0.0671875
0 0.5828125 0.21171875 0.08515625 0.0859375
0 0.6578125 0.2125 0.0921875 0.0828125
0 0.1515625 0.21640625 0.0640625 0.0875
0 0.20546875 0.22265625 0.10625 0.0875
0 0.70859375 0.23515625 0.07734375 0.0875
0 0.778125 0.246875 0.05390625 0.0515625
0 0.278125 0.26484375 0.1015625 0.09765625
0 0.2359375 0.2890625 0.0921875 0.08984375
0 0.4796875 0.2890625 0.09375 0.08984375
0 0.340625 0.2890625 0.0765625 0.10859375
0 0.5328125 0.303125 0.09375 0.10625
0 0.7921875 0.30859375 0.09140625 0.09765625
0 0.6421875 0.3203125 0.10390625 0.0984375
0 0.4046875 0.35390625 0.0859375 0.08984375
0 0.8359375 0.35546875 0.0796875 0.0859375
0 0.3515625 0.35703125 0.06015625 0.09609375
0 0.58828125 0.3640625 0.0984375 0.07890625
0 0.46171875 0.3734375 0.09609375 0.0921875
0 0.76171875 0.3828125 0.0890625 0.0703125
0 0.6390625 0.403125 0.0890625 0.09375
0 0.73046875 0.4234375 0.11875 0.08984375
0 0.553125 0.4609375 0.09140625 0.07890625
0 0.4390625 0.46328125 0.0875 0.09609375
0 0.8265625 0.4796875 0.0890625 0.1171875
0 0.659375 0.4828125 0.09609375 0.09765625
0 0.484375 0.50859375 0.07890625 0.1046875
0 0.78203125 0.5109375 0.09609375 0.08984375
0 0.35703125 0.5125 0.07890625 0.0796875
0 0.67890625 0.5375 0.08984375 0.0796875
0 0.3921875 0.54765625 0.0921875 0.0828125
0 0.7359375 0.5578125 0.07890625 0.09140625
0 0.6046875 0.56328125 0.1046875 0.10625
0 0.7984375 0.56875 0.06875 0.0796875
0 0.5203125 0.5734375 0.10625 0.0921875
0 0.4484375 0.5875 0.06484375 0.0671875
0 0.65234375 0.5953125 0.1125 0.10234375
0 0.4109375 0.6265625 0.0625 0.07734375
0 0.5078125 0.62890625 0.0859375 0.0875
0 0.73046875 0.6328125 0.08125 0.08359375
0 0.60078125 0.64609375 0.0984375 0.1
0 0.55078125 0.6734375 0.0859375 0.0921875
0 0.4109375 0.67421875 0.06640625 0.07890625
0 0.3671875 0.68203125 0.0796875 0.09609375
0 0.6734375 0.6828125 0.1078125 0.08984375
0 0.48203125 0.6953125 0.09609375 0.0984375
0 0.53984375 0.73046875 0.10234375 0.08125
0 0.37265625 0.75546875 0.08515625 0.0859375
0 0.575 0.7578125 0.09765625 0.08359375
0 0.4296875 0.7609375 0.0703125 0.0921875
0 0.48359375 0.775 0.1 0.0875
0 0.40234375 0.81171875 0.0953125 0.05625
0 0.03203125 0.81484375 0.0640625 0.075
0 0.509375 0.8171875 0.1015625 0.07109375
0 0.5734375 0.8171875 0.08125 0.0765625
0 0.446875 0.85078125 0.09609375 0.08125
0 0.50078125 0.88359375 0.10390625 0.0875
0 0.4890625 0.95078125 0.0765625 0.08125
0 0.425 0.9578125 0.07734375 0.07890625
0 0.4734375 0.98515625 0.08125 0.0296875
0 0.28671875 0.11875 0.07109375 0.0796875