0 0.51484375 0.09609375 0.1171875 0.0734375
0 0.4328125 0.10234375 0.08359375 0.05546875
0 0.590625 0.12421875 0.0859375 0.059375
0 0.4640625 0.1453125 0.1015625 0.07265625
0 0.571875 0.178125 0.12890625 0.07890625
0 0.4890625 0.19296875 0.0984375 0.071875
0 0.76328125 0.2234375 0.06875 0.053125
0 0.3453125 0.23359375 0.11875 0.078125
0 0.85703125 0.27421875 0.0859375 0.05546875
0 0.77734375 0.284375 0.09765625 0.0609375
0 0.37734375 0.29140625 0.1328125 0.06796875
0 0.28984375 0.29609375 0.11484375 0.0875
0 0.8515625 0.30625 0.0625 0.04609375
0 0.5546875 0.3265625 0.1046875 0.0671875
0 0.465625 0.33359375 0.10859375 0.07734375
0 0.3796875 0.3375 0.1125 0.08515625
0 0.8890625 0.33984375 0.1015625 0.07265625
0 0.8015625 0.353125 0.10625 0.07265625
0 0.7125 0.35859375 0.0953125 0.0625
0 0.5984375 0.3640625 0.0734375 0.05
0 0.94609375 0.38515625 0.06484375 0.059375
0 0.51640625 0.390625 0.12734375 0.0859375
0 0.43515625 0.39609375 0.0796875 0.05703125
0 0.86953125 0.3984375 0.1109375 0.07109375
0 0.3703125 0.40234375 0.0859375 0.0640625
0 0.7578125 0.41015625 0.09609375 0.06015625
0 0.6046875 0.4140625 0.08984375 0.07578125
0 0.4921875 0.45859375 0.13125 0.0734375
0 0.41640625 0.5046875 0.1203125 0.0765625
0 0.55625 0.51328125 0.07265625 0.05859375
0 0.60703125 0.5203125 0.09140625 0.07578125
0 0.50859375 0.534375 0.12734375 0.0875
0 0.36171875 0.54296875 0.1109375 0.06328125
0 0.4140625 0.56328125 0.12109375 0.07734375
0 0.58671875 0.571875 0.0859375 0.07109375
0 0.5203125 0.609375 0.1265625 0.08515625
0 0.3359375 0.61171875 0.13125 0.0921875
0 0.62734375 0.621875 0.07265625 0.059375
0 0.4296875 0.6265625 0.1046875 0.0640625
0 0.59296875 0.64921875 0.1234375 0.08046875
0 0.3921875 0.67109375 0.1140625 0.059375
0 0.50546875 0.68359375 0.12109375 0.078125
0 0.3609375 0.71171875 0.13984375 0.08515625
0 0.56171875 0.72109375 0.1109375 0.08046875
0 0.4546875 0.74453125 0.13984375 0.08671875
0 0.334375 0.76171875 0.10390625 0.0734375
0 0.43203125 0.78828125 0.10859375 0.0453125
0 0.35 0.81484375 0.12734375 0.05859375