0 0.68203125 0.58359375 0.034375 0.075
0 0.86015625 0.5890625 0.0453125 0.075
0 0.8859375 0.6234375 0.034375 0.0859375
0 0.95703125 0.6234375 0.0515625 0.0859375
0 0.91484375 0.6265625 0.03828125 0.0921875
0 0.50859375 0.06640625 0.0484375 0.09765625
0 0.9859375 0.64375 0.02734375 0.0921875
0 0.8546875 0.646875 0.0484375 0.075
0 0.6625 0.64921875 0.03125 0.06875
0 0.81796875 0.64921875 0.0453125 0.06875
0 0.9484375 0.678125 0.034375 0.0578125
0 0.4671875 0.071875 0.04140625 0.075
0 0.90859375 0.70703125 0.0453125 0.08046875
0 0.9 0.753125 0.04140625 0.06875
0 0.80078125 0.75546875 0.02421875 0.0515625
0 0.2921875 0.7703125 0.0453125 0.0921875
0 0.775 0.77265625 0.034375 0.06328125
0 0.86484375 0.7875 0.04140625 0.06875
0 0.3359375 0.79296875 0.0484375 0.0921875
0 0.37890625 0.8046875 0.0515625 0.0921875
0 0.4171875 0.81015625 0.0453125 0.06875
0 0.78203125 0.81015625 0.034375 0.034375
0 0.9 0.821875 0.0484375 0.08046875
0 0.2578125 0.83046875 0.0515625 0.0859375
0 0.29765625 0.84453125 0.05546875 0.08046875
0 0.3375 0.85078125 0.0453125 0.06875
0 0.2265625 0.853125 0.03828125 0.075
0 0.3875 0.88515625 0.05546875 0.0921875
0 0.26796875 0.89921875 0.0515625 0.0859375
0 0.36015625 0.93125 0.05546875 0.08046875
0 0.31796875 0.965625 0.0484375 0.06875
0 0.42890625 0.109375 0.04140625 0.06875
0 0.52578125 0.1234375 0.04140625 0.06328125
0 0.46171875 0.13515625 0.0515625 0.075
0 0.290625 0.13828125 0.04140625 0.06875
0 0.3234375 0.14375 0.03125 0.08046875
0 0.5015625 0.1640625 0.0484375 0.075
0 0.4546875 0.20390625 0.0515625 0.0859375
0 0.196875 0.21015625 0.034375 0.06328125
0 0.453125 0.02578125 0.04140625 0.0515625
0 0.49296875 0.2328125 0.0515625 0.075
0 0.421875 0.25 0.0484375 0.0859375
0 0.45859375 0.284375 0.0515625 0.0859375
0 0.17265625 0.29296875 0.04140625 0.0578125
0 0.728125 0.3015625 0.0515625 0.075
0 0.42578125 0.31328125 0.0484375 0.075
0 0.01875 0.3390625 0.03125 0.06875
0 0.453125 0.3421875 0.04140625 0.06328125
0 0.740625 0.36171875 0.04140625 0.06875
0 0.68828125 0.3765625 0.04140625 0.0859375
0 0.775 0.38828125 0.034375 0.06328125
0 0.015625 0.39375 0.03125 0.075
0 0.7234375 0.4078125 0.0484375 0.06875
0 0.86171875 0.4078125 0.04140625 0.0578125
0 0.771875 0.45078125 0.04140625 0.06328125
0 0.86015625 0.45078125 0.0515625 0.0859375
0 0.809375 0.45703125 0.05546875 0.06328125
0 0.73203125 0.4828125 0.0515625 0.08046875
0 0.825 0.496875 0.0515625 0.075
0 0.27890625 0.5 0.0515625 0.06875
0 0.2125 0.50546875 0.0515625 0.06875
0 0.8703125 0.50859375 0.0453125 0.06328125
0 0.41015625 0.0546875 0.03828125 0.06328125
0 0.76796875 0.52265625 0.0484375 0.0921875
0 0.321875 0.5375 0.04140625 0.075
0 0.88203125 0.5515625 0.04140625 0.06875
0 0.63359375 0.5546875 0.034375 0.06328125
0 0.21953125 0.5546875 0.0453125 0.075
0 0.8234375 0.56015625 0.034375 0.06328125
0 0.2578125 0.56328125 0.0453125 0.0578125