0 0.5640625 0.4734375 0.07109375 0.0578125
0 0.7625 0.4953125 0.084375 0.084375
0 0.50703125 0.50703125 0.0890625 0.0796875
0 0.5734375 0.5265625 0.0625 0.07578125
0 0.8109375 0.5265625 0.07578125 0.084375
0 0.2265625 0.5375 0.0796875 0.0796875
0 0.446875 0.54453125 0.09296875 0.084375
0 0.7421875 0.5640625 0.0625 0.07109375
0 0.50859375 0.56640625 0.06640625 0.06640625
0 0.67578125 0.56875 0.0890625 0.0796875
0 0.7796875 0.57109375 0.04921875 0.06640625
0 0.884375 0.57578125 0.0796875 0.10234375
0 0.35546875 0.0578125 0.07109375 0.0625
0 0.14453125 0.578125 0.07578125 0.0796875
0 0.83125 0.58671875 0.0796875 0.09765625
0 0.44921875 0.60234375 0.0796875 0.0578125
0 0.1 0.621875 0.07578125 0.07109375
0 0.921875 0.62421875 0.084375 0.09296875
0 0.521875 0.6265625 0.06640625 0.0796875
0 0.23359375 0.63125 0.07578125 0.0796875
0 0.784375 0.6359375 0.084375 0.07109375
0 0.86640625 0.65546875 0.07109375 0.07578125
0 0.32890625 0.6625 0.053125 0.053125
0 0.54921875 0.6796875 0.07578125 0.07109375
0 0.78203125 0.684375 0.0890625 0.0625
0 0.93984375 0.68671875 0.084375 0.07578125
0 0.515625 0.69765625 0.07109375 0.07109375
0 0.23125 0.70234375 0.0625 0.0796875
0 0.1890625 0.71328125 0.084375 0.07578125
0 0.90703125 0.73359375 0.0625 0.053125
0 0.321875 0.7625 0.0578125 0.0578125
0 0.18203125 0.7734375 0.0625 0.053125
0 0.36640625 0.7890625 0.06640625 0.06640625
0 0.44453125 0.9 0.0890625 0.06640625
0 0.021875 0.90625 0.04375 0.096875
0 0.815625 0.9625 0.06640625 0.06640625
0 0.7265625 0.97109375 0.07578125 0.0578125
0 0.02421875 0.97109375 0.0484375 0.0578125
0 0.4078125 0.02421875 0.04375 0.0484375
0 0.0265625 0.36640625 0.04453125 0.084375
0 0.2046875 0.384375 0.0625 0.06640625
0 0.7890625 0.39765625 0.10234375 0.10234375