0 0.50234375 0.44453125 0.09765625 0.115625
0 0.23125 0.47109375 0.0890625 0.09765625
0 0.31796875 0.49140625 0.1109375 0.10234375
0 0.5890625 0.5 0.1109375 0.12890625
0 0.078125 0.51328125 0.1109375 0.12890625
0 0.3796875 0.5375 0.1203125 0.10703125
0 0.1640625 0.55546875 0.0890625 0.07109375
0 0.621875 0.58671875 0.07109375 0.10703125
0 0.54921875 0.5890625 0.10234375 0.1109375
0 0.04453125 0.59296875 0.0890625 0.1109375
0 0.2359375 0.615625 0.07109375 0.07578125
0 0.06015625 0.6625 0.09296875 0.0796875
0 0.60859375 0.69296875 0.09765625 0.10703125
0 0.07109375 0.71328125 0.0796875 0.084375
0 0.53125 0.73125 0.09296875 0.09296875
0 0.45078125 0.73359375 0.10234375 0.09765625
0 0.03984375 0.7359375 0.0796875 0.09296875
0 0.18203125 0.75546875 0.115625 0.10703125
0 0.2890625 0.7890625 0.09765625 0.1109375
0 0.16875 0.82890625 0.0890625 0.10234375
0 0.58671875 0.8359375 0.07109375 0.0796875
0 0.40859375 0.86015625 0.115625 0.1203125
0 0.51328125 0.8640625 0.10234375 0.1109375
0 0.37109375 0.09765625 0.1109375 0.0796875
0 0.578125 0.1046875 0.0796875 0.10234375
0 0.74921875 0.1265625 0.07578125 0.09296875
0 0.49140625 0.1375 0.10234375 0.09765625
0 0.38203125 0.15546875 0.115625 0.09765625
0 0.88671875 0.17578125 0.12890625 0.1109375
0 0.4578125 0.184375 0.10703125 0.10234375
0 0.43359375 0.253125 0.10234375 0.09765625
0 0.90703125 0.26640625 0.0796875 0.13359375
0 0.51796875 0.30234375 0.09296875 0.09765625
0 0.446875 0.32890625 0.084375 0.09765625
0 0.58203125 0.33359375 0.09765625 0.10703125
0 0.36640625 0.3421875 0.1203125 0.10703125
0 0.53984375 0.39765625 0.1203125 0.1203125
0 0.18671875 0.40703125 0.10703125 0.10234375
0 0.2953125 0.415625 0.1109375 0.10234375
0 0.4046875 0.4265625 0.1421875 0.13359375