0 0.3859375 0.46875 0.15625 0.14296875
0 0.27421875 0.49140625 0.11171875 0.125
0 0.546875 0.52265625 0.15625 0.14296875
0 0.3859375 0.5734375 0.1296875 0.11171875
0 0.4640625 0.609375 0.13359375 0.1296875
0 0.21015625 0.63359375 0.07109375 0.08046875
0 0.39296875 0.67890625 0.14296875 0.125
0 0.8703125 0.71640625 0.125 0.1203125
0 0.640625 0.74296875 0.10234375 0.11171875
0 0.72578125 0.7453125 0.13828125 0.11640625
0 0.83671875 0.75 0.13828125 0.13359375
0 0.359375 0.76796875 0.14765625 0.10703125
0 0.65390625 0.83046875 0.1203125 0.13359375
0 0.7453125 0.84375 0.1515625 0.1515625
0 0.85703125 0.8546875 0.10703125 0.10234375
0 0.6453125 0.93046875 0.14765625 0.13828125
0 0.87265625 0.9375 0.1296875 0.125
0 0.953125 0.93984375 0.09375 0.1203125
0 0.7703125 0.9421875 0.13828125 0.10703125
0 0.6046875 0.1515625 0.10234375 0.11640625
0 0.5515625 0.296875 0.17421875 0.1921875
0 0.41484375 0.31015625 0.14296875 0.13828125
0 0.31953125 0.375 0.13828125 0.125
0 0.49140625 0.4109375 0.125 0.14296875
0 0.60234375 0.4421875 0.125 0.14296875