0 0.40703125 0.096875 0.09296875 0.14921875
0 0.34140625 0.10859375 0.06171875 0.0921875
0 0.365625 0.2 0.0703125 0.10703125
0 0.33828125 0.2328125 0.1171875 0.13203125
0 0.52890625 0.32109375 0.12265625 0.18359375
0 0.4 0.33828125 0.1015625 0.1203125
0 0.32578125 0.3484375 0.09296875 0.121875
0 0.471875 0.37578125 0.09140625 0.11953125
0 0.5890625 0.43671875 0.08515625 0.15546875
0 0.39921875 0.4578125 0.09765625 0.1546875
0 0.359375 0.0484375 0.109375 0.096875
0 0.484375 0.4890625 0.1171875 0.19921875
0 0.76875 0.49609375 0.11015625 0.15546875
0 0.321875 0.53515625 0.1078125 0.1984375
0 0.68125 0.540625 0.09453125 0.1515625
0 0.57578125 0.5421875 0.10390625 0.19453125
0 0.8421875 0.584375 0.1078125 0.16640625
0 0.74296875 0.6234375 0.11171875 0.17421875
0 0.4125 0.6296875 0.1359375 0.19453125
0 0.51015625 0.65390625 0.1078125 0.178125
0 0.27265625 0.66171875 0.1109375 0.17109375
0 0.66640625 0.66875 0.08828125 0.1359375
0 0.8 0.71796875 0.07890625 0.140625
0 0.55703125 0.74765625 0.10078125 0.16875
0 0.34921875 0.7515625 0.125 0.178125
0 0.7234375 0.77109375 0.1015625 0.1484375
0 0.46171875 0.78046875 0.13671875 0.16796875
0 0.640625 0.78671875 0.09296875 0.15
0 0.75703125 0.8515625 0.0921875 0.14140625
0 0.51953125 0.87421875 0.121875 0.14765625