0 0.67109375 0.125 0.215625 0.24609375
0 0.7421875 0.24296875 0.16640625 0.19765625
0 0.57578125 0.29140625 0.209375 0.23671875
0 0.846875 0.403125 0.21640625 0.2484375
0 0.34609375 0.409375 0.215625 0.20234375
0 0.5015625 0.46953125 0.2140625 0.29140625
0 0.2109375 0.515625 0.25390625 0.2953125
0 0.71953125 0.51640625 0.325 0.3625
0 0.3984375 0.6375 0.28203125 0.3125
0 0.7265625 0.69453125 0.25546875 0.19921875
0 0.1359375 0.71796875 0.24296875 0.265625
0 0.525 0.81484375 0.19609375 0.24453125
0 0.321875 0.834375 0.2515625 0.2671875