0 0.71328125 0.225 0.203125 0.196875
0 0.55859375 0.284375 0.18359375 0.171875
0 0.3359375 0.3578125 0.171875 0.18515625
0 0.69140625 0.39140625 0.18671875 0.1734375
0 0.4890625 0.425 0.18515625 0.18984375
0 0.21796875 0.49296875 0.16015625 0.1703125
0 0.3546875 0.515625 0.1796875 0.16171875
0 0.55078125 0.553125 0.171875 0.16328125
0 0.36484375 0.61328125 0.203125 0.13359375
0 0.50859375 0.65859375 0.19296875 0.1703125
0 0.80078125 0.71484375 0.228125 0.21640625
0 0.6359375 0.72578125 0.178125 0.18203125
0 0.878125 0.7953125 0.16015625 0.16328125
0 0.58828125 0.81796875 0.146875 0.15
0 0.7375 0.8875 0.228125 0.18828125