0 0.14140625 0.34296875 0.11015625 0.1
0 0.9578125 0.34921875 0.084375 0.1140625
0 0.1015625 0.4296875 0.1234375 0.10703125
0 0.6984375 0.446875 0.06328125 0.0796875
0 0.4015625 0.4515625 0.096875 0.11015625
0 0.5796875 0.46015625 0.08671875 0.0796875
0 0.6484375 0.46640625 0.05703125 0.06640625
0 0.2953125 0.4984375 0.13671875 0.11015625
0 0.56484375 0.56328125 0.0765625 0.06640625
0 0.1796875 0.575 0.1203125 0.13671875
0 0.29140625 0.58203125 0.1234375 0.1296875
0 0.625 0.58671875 0.096875 0.1
0 0.7484375 0.5953125 0.06328125 0.06328125
0 0.68984375 0.6015625 0.053125 0.06328125
0 0.54296875 0.6046875 0.0796875 0.0703125
0 0.6046875 0.65859375 0.08984375 0.08984375
0 0.66640625 0.66328125 0.0796875 0.0734375
0 0.54296875 0.675 0.08671875 0.08359375
0 0.5734375 0.26171875 0.0796875 0.0765625
0 0.25 0.31328125 0.13359375 0.1265625
0 0.6234375 0.321875 0.09296875 0.08359375
0 0.49140625 0.3265625 0.0703125 0.06640625