0 0.42265625 0.16796875 0.0984375 0.08984375
0 0.05703125 0.16796875 0.06640625 0.08359375
0 0.08984375 0.21328125 0.05703125 0.06640625
0 0.62265625 0.2296875 0.08203125 0.08359375
0 0.496875 0.23515625 0.11640625 0.11015625
0 0.41953125 0.2359375 0.075 0.075
0 0.79140625 0.23828125 0.0734375 0.08984375
0 0.053125 0.2484375 0.0765625 0.096875
0 0.1328125 0.253125 0.06484375 0.0765625
0 0.3515625 0.2734375 0.08984375 0.11328125
0 0.58359375 0.303125 0.09296875 0.096875
0 0.39609375 0.309375 0.11796875 0.11484375
0 0.04296875 0.3296875 0.0734375 0.0734375
0 0.4375 0.3703125 0.125 0.13984375
0 0.6421875 0.3703125 0.10859375 0.1234375
0 0.071875 0.3796875 0.0703125 0.06640625
0 0.0234375 0.38515625 0.046875 0.0765625
0 0.53515625 0.3875 0.1296875 0.125
0 0.12109375 0.40390625 0.09140625 0.09140625
0 0.04609375 0.428125 0.08203125 0.08671875
0 0.36328125 0.45 0.1265625 0.13671875
0 0.1 0.471875 0.08359375 0.08359375
0 0.0296875 0.4875 0.059375 0.078125
0 0.44609375 0.49140625 0.1015625 0.11640625
0 0.54765625 0.49140625 0.1484375 0.13359375
0 0.3078125 0.5421875 0.11796875 0.13203125
0 0.37421875 0.5515625 0.08828125 0.08671875
0 0.60859375 0.5765625 0.153125 0.15
0 0.484375 0.59296875 0.13828125 0.13359375
0 0.36015625 0.59921875 0.0734375 0.06484375
0 0.6796875 0.63203125 0.11015625 0.11640625
0 0.821875 0.6546875 0.06328125 0.06015625
0 0.446875 0.66015625 0.11015625 0.11015625
0 0.86484375 0.66328125 0.06640625 0.0734375
0 0.55546875 0.68359375 0.13828125 0.1203125
0 0.33828125 0.696875 0.1203125 0.09296875
0 0.45546875 0.07265625 0.06484375 0.06796875
0 0.64921875 0.72109375 0.0984375 0.121875
0 0.4328125 0.728125 0.1015625 0.0796875
0 0.78984375 0.73984375 0.0703125 0.0703125
0 0.825 0.7828125 0.05703125 0.06484375
0 0.90390625 0.7828125 0.06171875 0.06171875
0 0.5078125 0.784375 0.121875 0.121875
0 0.4078125 0.79140625 0.10859375 0.11640625
0 0.78359375 0.79140625 0.05 0.053125
0 0.93828125 0.81015625 0.053125 0.06015625
0 0.596875 0.815625 0.103125 0.11171875
0 0.85390625 0.83984375 0.06796875 0.06015625
0 0.45078125 0.859375 0.1015625 0.08828125
0 0.52265625 0.8671875 0.08828125 0.08203125
0 0.8953125 0.87265625 0.08984375 0.0953125
0 0.58984375 0.90234375 0.10703125 0.1046875
0 0.5046875 0.9203125 0.103125 0.08671875
0 0.78203125 0.9546875 0.06328125 0.06328125
0 0.83046875 0.978125 0.06171875 0.04296875
0 0.40546875 0.10546875 0.08203125 0.078125
0 0.5015625 0.1109375 0.09296875 0.08828125
0 0.590625 0.115625 0.06796875 0.08515625
0 0.503125 0.153125 0.09296875 0.08671875
0 0.6390625 0.16484375 0.06796875 0.0765625