0 0.39375 0.31015625 0.0796875 0.1078125
0 0.45234375 0.32421875 0.084375 0.11640625
0 0.5421875 0.34921875 0.1390625 0.18515625
0 0.2921875 0.41328125 0.1078125 0.134375
0 0.37109375 0.41953125 0.078125 0.128125
0 0.5859375 0.44921875 0.09765625 0.11640625
0 0.46171875 0.45234375 0.0921875 0.11015625
0 0.6078125 0.51484375 0.1015625 0.15234375
0 0.49609375 0.51953125 0.11328125 0.14921875
0 0.3109375 0.5328125 0.1328125 0.20625
0 0.6953125 0.57578125 0.109375 0.15546875
0 0.571875 0.58203125 0.109375 0.1609375
0 0.75390625 0.58359375 0.06640625 0.134375
0 0.44453125 0.58984375 0.146875 0.134375
0 0.66875 0.68359375 0.11875 0.125
0 0.72578125 0.6953125 0.0765625 0.1015625
0 0.71015625 0.75078125 0.0921875 0.1046875
0 0.475 0.865625 0.12890625 0.196875
0 0.55625 0.9046875 0.06640625 0.1078125
0 0.6015625 0.95390625 0.140625 0.0921875
0 0.3953125 0.2078125 0.115625 0.15234375