0 0.4375 0.14375 0.05078125 0.0578125
0 0.659375 0.15078125 0.05234375 0.0328125
0 0.48984375 0.16640625 0.04609375 0.046875
0 0.653125 0.17109375 0.040625 0.0421875
0 0.6984375 0.171875 0.046875 0.04375
0 0.42109375 0.17578125 0.0359375 0.0359375
0 0.4609375 0.1796875 0.05234375 0.05
0 0.58515625 0.18125 0.05703125 0.05
0 0.634375 0.196875 0.0546875 0.0421875
0 0.56328125 0.1984375 0.0671875 0.040625
0 0.68828125 0.2015625 0.05078125 0.0453125
0 0.73828125 0.203125 0.0328125 0.0453125
0 0.621875 0.225 0.046875 0.04375
0 0.57578125 0.22578125 0.040625 0.040625
0 0.70859375 0.23515625 0.046875 0.04765625
0 0.659375 0.2421875 0.05078125 0.053125
0 0.46796875 0.24453125 0.0578125 0.05078125
0 0.509375 0.253125 0.0453125 0.04609375
0 0.59375 0.26015625 0.06796875 0.059375
0 0.69375 0.26875 0.053125 0.06015625
0 0.44453125 0.28984375 0.053125 0.05078125
0 0.5671875 0.3 0.05625 0.0578125
0 0.61875 0.3078125 0.0578125 0.06328125
0 0.4828125 0.31015625 0.046875 0.05
0 0.7015625 0.32890625 0.046875 0.05234375
0 0.6578125 0.33203125 0.04609375 0.04765625
0 0.51640625 0.3390625 0.02890625 0.05
0 0.4625 0.340625 0.05703125 0.05078125
0 0.55234375 0.34453125 0.07421875 0.06328125
0 0.49375 0.359375 0.04765625 0.0328125
0 0.59296875 0.38203125 0.0703125 0.07421875
0 0.4625 0.38515625 0.06484375 0.07109375
0 0.5546875 0.3875 0.0390625 0.0390625
0 0.51328125 0.396875 0.06171875 0.0640625
0 0.55546875 0.4296875 0.06484375 0.06328125
0 0.446875 0.43828125 0.03828125 0.04921875
0 0.48515625 0.440625 0.0703125 0.065625
0 0.0328125 0.5328125 0.0453125 0.05
0 0.45546875 0.59453125 0.0546875 0.05703125
0 0.503125 0.61796875 0.040625 0.04765625
0 0.40625 0.62421875 0.04609375 0.04609375
0 0.4375 0.6359375 0.05078125 0.05390625
0 0.4796875 0.6578125 0.0546875 0.05625
0 0.428125 0.6640625 0.0421875 0.03828125
0 0.75078125 0.6734375 0.03828125 0.040625
0 0.39921875 0.6984375 0.07265625 0.06875
0 0.77421875 0.70078125 0.03828125 0.0390625
0 0.58125 0.7265625 0.05625 0.053125
0 0.81484375 0.73671875 0.05390625 0.06171875
0 0.7421875 0.7390625 0.0578125 0.04765625
0 0.50234375 0.76171875 0.059375 0.06015625
0 0.5984375 0.76484375 0.05703125 0.05078125
0 0.7703125 0.7671875 0.05625 0.06171875
0 0.553125 0.77578125 0.059375 0.0609375
0 0.6578125 0.784375 0.0546875 0.06171875
0 0.6203125 0.78671875 0.04296875 0.0546875
0 0.815625 0.78671875 0.0546875 0.053125
0 0.58671875 0.79921875 0.0546875 0.0390625
0 0.540625 0.80625 0.06484375 0.053125
0 0.75 0.81328125 0.05234375 0.05078125
0 0.37578125 0.821875 0.0609375 0.0546875
0 0.703125 0.82578125 0.05078125 0.05078125
0 0.62578125 0.82890625 0.071875 0.05234375
0 0.30703125 0.8375 0.04609375 0.07734375
0 0.57734375 0.83828125 0.059375 0.05390625
0 0.5234375 0.846875 0.053125 0.05078125
0 0.4828125 0.85390625 0.059375 0.06015625
0 0.5484375 0.86484375 0.046875 0.03984375
0 0.04375 0.86796875 0.07109375 0.0703125
0 0.365625 0.86875 0.0578125 0.06484375
0 0.13828125 0.87265625 0.0703125 0.04375
0 0.4046875 0.88046875 0.06015625 0.059375
0 0.453125 0.884375 0.06171875 0.05703125
0 0.278125 0.89453125 0.0703125 0.06328125
0 0.60078125 0.896875 0.03828125 0.04296875
0 0.56484375 0.89765625 0.05625 0.04921875
0 0.23359375 0.91328125 0.0609375 0.04765625
0 0.634375 0.915625 0.0578125 0.05390625
0 0.15546875 0.91875 0.07109375 0.05625
0 0.35546875 0.921875 0.06328125 0.040625
0 0.57265625 0.92890625 0.046875 0.03203125