0 0.37890625 0.121875 0.13359375 0.11015625
0 0.45 0.1828125 0.1203125 0.1203125
0 0.36796875 0.19375 0.06796875 0.07890625
0 0.4015625 0.27578125 0.0890625 0.0796875
0 0.3515625 0.30546875 0.13828125 0.11171875
0 0.6203125 0.36484375 0.15390625 0.13671875
0 0.478125 0.39453125 0.1265625 0.10390625
0 0.3609375 0.40703125 0.17734375 0.11484375
0 0.565625 0.41796875 0.115625 0.09765625
0 0.7 0.4625 0.10859375 0.11015625
0 0.3890625 0.46875 0.1265625 0.078125
0 0.48203125 0.5015625 0.14375 0.13046875
0 0.88203125 0.51015625 0.1390625 0.13984375
0 0.60234375 0.51796875 0.17109375 0.17734375
0 0.78984375 0.55 0.10078125 0.11640625
0 0.71015625 0.56015625 0.11640625 0.1421875
0 0.39375 0.57109375 0.16796875 0.175
0 0.959375 0.575 0.08125 0.121875
0 0.87265625 0.61875 0.1296875 0.15234375
0 0.51015625 0.634375 0.17890625 0.165625
0 0.65390625 0.65234375 0.13671875 0.16015625
0 0.321875 0.684375 0.1484375 0.1453125
0 0.9375 0.696875 0.09453125 0.115625
0 0.70625 0.73671875 0.1265625 0.15625
0 0.8484375 0.73828125 0.13828125 0.13359375
0 0.42265625 0.75078125 0.1859375 0.14921875
0 0.575 0.7609375 0.1703125 0.15234375
0 0.6375 0.85390625 0.17890625 0.13359375