0 0.4140625 0.1953125 0.05078125 0.06640625
0 0.19140625 0.2046875 0.06171875 0.103125
0 0.9765625 0.02421875 0.03984375 0.04765625
0 0.48203125 0.25390625 0.075 0.09921875
0 0.5328125 0.26328125 0.03828125 0.0703125
0 0.58671875 0.28046875 0.04375 0.071875
0 0.93046875 0.03046875 0.0734375 0.0609375
0 0.1265625 0.30078125 0.053125 0.08671875
0 0.2859375 0.30859375 0.04375 0.06484375
0 0.55703125 0.30859375 0.05078125 0.08671875
0 0.54140625 0.03515625 0.0578125 0.06640625
0 0.29921875 0.3515625 0.05078125 0.0734375
0 0.5140625 0.3546875 0.06640625 0.09375
0 0.134375 0.35546875 0.053125 0.08125
0 0.59140625 0.0375 0.0734375 0.075
0 0.38828125 0.3828125 0.0546875 0.0734375
0 0.66640625 0.434375 0.05703125 0.08828125
0 0.8875 0.4859375 0.04609375 0.08828125
0 0.68515625 0.49296875 0.06640625 0.09765625
0 0.940625 0.50078125 0.05546875 0.0734375
0 0.14765625 0.51171875 0.06015625 0.08125
0 0.0203125 0.5203125 0.040625 0.153125
0 0.0796875 0.52734375 0.05546875 0.0828125
0 0.48515625 0.53046875 0.06171875 0.125
0 0.38828125 0.53515625 0.0640625 0.1125
0 0.72421875 0.05625 0.07109375 0.1125
0 0.18125 0.56875 0.03828125 0.06640625
0 0.440625 0.61171875 0.09453125 0.1140625
0 0.75234375 0.66640625 0.06484375 0.11796875
0 0.65703125 0.0703125 0.084375 0.125
0 0.6625 0.74296875 0.059375 0.09375
0 0.71640625 0.74609375 0.0703125 0.09921875
0 0.58125 0.746875 0.0890625 0.1234375
0 0.821875 0.07734375 0.07578125 0.121875
0 0.38203125 0.7875 0.046875 0.09765625
0 0.728125 0.79375 0.0359375 0.0625
0 0.346875 0.796875 0.0484375 0.09765625
0 0.66640625 0.80625 0.06171875 0.08828125
0 0.97421875 0.8484375 0.04921875 0.07890625
0 0.38203125 0.95390625 0.0515625 0.0921875
0 0.34453125 0.10859375 0.04609375 0.07734375
0 0.70390625 0.11953125 0.04375 0.06640625
0 0.38984375 0.13359375 0.04375 0.0828125
0 0.85 0.14921875 0.0484375 0.08125
0 0.75234375 0.165625 0.04140625 0.06640625