0 0.5171875 0.7046875 0.11328125 0.1359375
0 0.58203125 0.75234375 0.08359375 0.1109375
0 0.4296875 0.1328125 0.1109375 0.15
0 0.5359375 0.15 0.11796875 0.134375
0 0.59765625 0.159375 0.06953125 0.11953125
0 0.5921875 0.28125 0.11328125 0.15
0 0.49375 0.2984375 0.13203125 0.15625
0 0.69296875 0.328125 0.10546875 0.11640625
0 0.65703125 0.3640625 0.08984375 0.14453125
0 0.3328125 0.37734375 0.1359375 0.15703125
0 0.73046875 0.41875 0.10859375 0.13359375
0 0.5640625 0.4234375 0.1609375 0.221875
0 0.38359375 0.52265625 0.178125 0.23515625
0 0.7046875 0.52265625 0.09609375 0.14296875
0 0.50546875 0.05390625 0.13828125 0.1078125
0 0.51328125 0.57421875 0.13515625 0.1796875
0 0.5953125 0.06171875 0.0890625 0.12265625
0 0.6140625 0.621875 0.12578125 0.19140625