0 0.0640625 0.18046875 0.128125 0.1953125
0 0.81015625 0.20234375 0.2203125 0.228125
0 0.2640625 0.2328125 0.1953125 0.1953125
0 0.94453125 0.23828125 0.1109375 0.2140625
0 0.50234375 0.27734375 0.18828125 0.18828125
0 0.8765625 0.3359375 0.1734375 0.125
0 0.753125 0.36328125 0.16640625 0.1296875
0 0.3828125 0.37421875 0.19140625 0.1953125
0 0.5984375 0.3921875 0.21328125 0.225
0 0.1328125 0.4015625 0.21484375 0.21015625
0 0.03828125 0.415625 0.0765625 0.18203125
0 0.94140625 0.47734375 0.11640625 0.18828125
0 0.4734375 0.4890625 0.18984375 0.2015625
0 0.375 0.51328125 0.153125 0.1765625
0 0.08515625 0.5578125 0.1703125 0.18515625
0 0.8703125 0.59296875 0.13359375 0.13984375
0 0.08359375 0.07109375 0.16640625 0.14140625
0 0.73515625 0.7671875 0.15703125 0.13203125
0 0.06328125 0.796875 0.1265625 0.21328125
0 0.7875 0.84453125 0.175 0.1953125
0 0.628125 0.846875 0.16015625 0.16015625
0 0.8796875 0.9234375 0.1765625 0.153125
0 0.67578125 0.9296875 0.18515625 0.13984375