0 0.41875 0.20234375 0.07734375 0.096875
0 0.6140625 0.209375 0.05546875 0.08671875
0 0.78984375 0.21328125 0.10625 0.11171875
0 0.87890625 0.21953125 0.09609375 0.11171875
0 0.7125 0.02265625 0.0671875 0.04453125
0 0.7640625 0.02265625 0.05234375 0.04453125
0 0.146875 0.0234375 0.0609375 0.046875
0 0.5703125 0.2328125 0.059375 0.0765625
0 0.9609375 0.2328125 0.07734375 0.109375
0 0.36171875 0.23984375 0.084375 0.10703125
0 0.25078125 0.02421875 0.0796875 0.0484375
0 0.10234375 0.02734375 0.05546875 0.0546875
0 0.7734375 0.26796875 0.09140625 0.07890625
0 0.31484375 0.26953125 0.0796875 0.096875
0 0.2390625 0.27734375 0.07265625 0.08515625
0 0.6796875 0.2875 0.065625 0.109375
0 0.26171875 0.28984375 0.0609375 0.06484375
0 0.61640625 0.29375 0.07421875 0.109375
0 0.84140625 0.3015625 0.09453125 0.08515625
0 0.18515625 0.03046875 0.0421875 0.0609375
0 0.6453125 0.03046875 0.040625 0.05234375
0 0.5390625 0.32109375 0.09140625 0.11171875
0 0.46171875 0.33828125 0.09296875 0.0890625
0 0.91640625 0.34609375 0.05234375 0.06484375
0 0.978125 0.34921875 0.04375 0.0828125
0 0.47265625 0.37109375 0.08125 0.08671875
0 0.56640625 0.3734375 0.0859375 0.09140625
0 0.27890625 0.37734375 0.0671875 0.08671875
0 0.62578125 0.39375 0.06953125 0.0953125
0 0.31328125 0.396875 0.0453125 0.07265625
0 0.809375 0.4203125 0.0578125 0.0671875
0 0.95703125 0.4234375 0.07578125 0.096875
0 0.8984375 0.04375 0.11171875 0.08671875
0 0.87734375 0.428125 0.0796875 0.0953125
0 0.66328125 0.42890625 0.05546875 0.08125
0 0.5734375 0.434375 0.065625 0.0625
0 0.5125 0.4375 0.0828125 0.08515625
0 0.33515625 0.44140625 0.07265625 0.08125
0 0.86015625 0.44296875 0.04765625 0.05703125
0 0.64765625 0.0453125 0.059375 0.07890625
0 0.82578125 0.45859375 0.0609375 0.075
0 0.76171875 0.4765625 0.03359375 0.0421875
0 0.64609375 0.47734375 0.065625 0.07265625
0 0.7375 0.4796875 0.03515625 0.0484375
0 0.3921875 0.48203125 0.07421875 0.07265625
0 0.93125 0.4828125 0.059375 0.05859375
0 0.87734375 0.48984375 0.065625 0.08125
0 0.06640625 0.49296875 0.05546875 0.075
0 0.02109375 0.49375 0.0421875 0.04453125
0 0.59765625 0.49609375 0.07109375 0.06875
0 0.24921875 0.496875 0.0796875 0.07109375
0 0.33359375 0.496875 0.07265625 0.07890625
0 0.67734375 0.5078125 0.05078125 0.06484375
0 0.9484375 0.51640625 0.03515625 0.06484375
0 0.978125 0.52421875 0.04375 0.109375
0 0.1109375 0.5265625 0.03203125 0.0609375
0 0.3953125 0.53046875 0.07421875 0.096875
0 0.028125 0.53125 0.05546875 0.07109375
0 0.26875 0.53203125 0.07421875 0.0484375
0 0.840625 0.53671875 0.03515625 0.0609375
0 0.0796875 0.5375 0.05078125 0.0546875
0 0.53359375 0.0546875 0.0671875 0.1015625
0 0.5828125 0.0546875 0.0640625 0.0890625
0 0.76875 0.5515625 0.03359375 0.046875
0 0.80234375 0.55703125 0.03359375 0.05234375
0 0.875 0.5578125 0.0640625 0.08671875
0 0.60078125 0.55859375 0.065625 0.0609375
0 0.0859375 0.571875 0.05078125 0.0546875
0 0.78515625 0.58515625 0.0375 0.0484375
0 0.93046875 0.58515625 0.09765625 0.096875
0 0.14453125 0.059375 0.059375 0.05859375
0 0.28984375 0.5890625 0.05234375 0.06484375
0 0.02421875 0.6 0.0484375 0.046875
0 0.69453125 0.609375 0.05390625 0.0609375
0 0.8515625 0.609375 0.0671875 0.0765625
0 0.1375 0.61015625 0.0453125 0.0546875
0 0.3515625 0.61171875 0.1015625 0.12109375
0 0.41484375 0.61640625 0.0421875 0.0671875
0 0.09140625 0.6296875 0.0375 0.05234375
0 0.91640625 0.63046875 0.06953125 0.075
0 0.034375 0.63125 0.04921875 0.05703125
0 0.11328125 0.6359375 0.0375 0.04453125
0 0.709375 0.06484375 0.07421875 0.06484375
0 0.96875 0.6515625 0.0625 0.096875
0 0.07265625 0.65390625 0.0578125 0.0609375
0 0.6265625 0.65625 0.0671875 0.06875
0 0.13125 0.65625 0.0421875 0.0484375
0 0.87734375 0.65859375 0.059375 0.0671875
0 0.68671875 0.66015625 0.05546875 0.07265625
0 0.43671875 0.665625 0.0625 0.09296875
0 0.03828125 0.68203125 0.04921875 0.06484375
0 0.40546875 0.6875 0.04765625 0.046875
0 0.48828125 0.06875 0.0875 0.0890625
0 0.83203125 0.06875 0.065625 0.0765625
0 0.9359375 0.68828125 0.07109375 0.08515625
0 0.2859375 0.690625 0.08984375 0.08515625
0 0.36015625 0.69140625 0.07734375 0.07890625
0 0.07734375 0.69453125 0.03359375 0.04453125
0 0.675 0.7078125 0.0625 0.0546875
0 0.0546875 0.72578125 0.05546875 0.046875
0 0.24296875 0.7296875 0.08125 0.103125
0 0.4296875 0.73984375 0.065625 0.0953125
0 0.228125 0.07578125 0.0609375 0.075
0 0.32734375 0.7609375 0.09140625 0.096875
0 0.3015625 0.078125 0.0828125 0.115625
0 0.425 0.8265625 0.065625 0.0828125
0 0.465625 0.8265625 0.0453125 0.09140625
0 0.92890625 0.084375 0.04765625 0.0953125
0 0.334375 0.83984375 0.07734375 0.07265625
0 0.51171875 0.86875 0.04765625 0.06484375
0 0.36328125 0.90625 0.09453125 0.08671875
0 0.4359375 0.90625 0.07109375 0.103125
0 0.4328125 0.09140625 0.1078125 0.096875
0 0.5015625 0.9234375 0.04375 0.07265625
0 0.4 0.95625 0.09140625 0.05859375
0 0.51875 0.96328125 0.0578125 0.06484375
0 0.46171875 0.9671875 0.0921875 0.065625
0 0.6203125 0.1 0.04765625 0.0625
0 0.675 0.115625 0.06953125 0.07265625
0 0.17421875 0.12265625 0.11796875 0.12734375
0 0.884375 0.1296875 0.06953125 0.0890625
0 0.94765625 0.1296875 0.0671875 0.08515625
0 0.23359375 0.1359375 0.0625 0.0890625
0 0.5375 0.140625 0.07421875 0.09921875
0 0.428125 0.01484375 0.08125 0.0296875
0 0.98125 0.14296875 0.0375 0.1234375
0 0.5828125 0.15859375 0.04765625 0.0671875
0 0.32578125 0.18203125 0.0640625 0.096875
0 0.4796875 0.19140625 0.0875 0.09140625