0 0.71640625 0.19609375 0.08046875 0.1265625
0 0.63515625 0.2265625 0.07578125 0.15
0 0.79765625 0.246875 0.1 0.1484375
0 0.87578125 0.25078125 0.08984375 0.140625
0 0.1859375 0.2546875 0.115625 0.17109375
0 0.5859375 0.25546875 0.0796875 0.11171875
0 0.0671875 0.284375 0.08828125 0.1234375
0 0.33359375 0.3328125 0.06953125 0.11953125
0 0.62109375 0.3421875 0.0984375 0.13828125
0 0.54765625 0.35078125 0.0765625 0.12890625
0 0.8265625 0.35859375 0.0984375 0.125
0 0.26171875 0.36171875 0.1078125 0.1734375
0 0.39296875 0.4 0.09375 0.15
0 0.03671875 0.403125 0.0734375 0.1671875
0 0.709375 0.403125 0.06015625 0.125
0 0.14296875 0.4234375 0.0984375 0.165625
0 0.6734375 0.43046875 0.0796875 0.1421875
0 0.58359375 0.434375 0.0984375 0.1421875
0 0.31640625 0.446875 0.09375 0.140625
0 0.4125 0.4703125 0.06015625 0.09453125
0 0.06796875 0.496875 0.1 0.13671875
0 0.8515625 0.05 0.10390625 0.1
0 0.5375 0.50078125 0.09375 0.14453125
0 0.4734375 0.5015625 0.0703125 0.1578125
0 0.7 0.50859375 0.071875 0.1171875
0 0.63046875 0.521875 0.09765625 0.12890625
0 0.0328125 0.5296875 0.065625 0.10546875
0 0.321875 0.54609375 0.08984375 0.1265625
0 0.21328125 0.5875 0.1140625 0.17890625
0 0.58046875 0.590625 0.0984375 0.134375
0 0.1375 0.5984375 0.05859375 0.10390625
0 0.39609375 0.61328125 0.10546875 0.15
0 0.65 0.62421875 0.08203125 0.140625
0 0.2984375 0.63046875 0.09453125 0.1921875
0 0.56640625 0.6625 0.09453125 0.0984375
0 0.46171875 0.684375 0.0796875 0.16171875
0 0.20078125 0.7375 0.13203125 0.1515625
0 0.39453125 0.7375 0.07421875 0.1328125
0 0.32890625 0.77890625 0.10625 0.1421875
0 0.2765625 0.8703125 0.09375 0.1171875
0 0.7375 0.09609375 0.09765625 0.14609375
0 0.78984375 0.1328125 0.0484375 0.084375
0 0.85625 0.1484375 0.0921875 0.134375
0 0.92734375 0.1578125 0.06796875 0.15