0 0.73671875 0.190625 0.15625 0.21328125
0 0.5171875 0.31953125 0.09765625 0.15625
0 0.43984375 0.334375 0.1359375 0.1921875
0 0.50625 0.465625 0.1140625 0.17265625
0 0.40234375 0.48125 0.12109375 0.16484375
0 0.4296875 0.575 0.10703125 0.109375
0 0.775 0.615625 0.11171875 0.18125
0 0.21484375 0.66171875 0.08828125 0.12109375
0 0.028125 0.6625 0.05625 0.10625
0 0.67109375 0.68984375 0.12421875 0.1890625
0 0.29140625 0.6953125 0.08671875 0.14375
0 0.04140625 0.72578125 0.0828125 0.13515625
0 0.76328125 0.74296875 0.12421875 0.178125
0 0.2328125 0.78515625 0.1140625 0.1421875
0 0.67578125 0.83671875 0.13515625 0.1765625
0 0.02734375 0.8546875 0.05390625 0.13828125