0 0.4046875 0.2484375 0.0890625 0.084375
0 0.3546875 0.278125 0.15390625 0.1328125
0 0.43203125 0.33203125 0.09453125 0.109375
0 0.621875 0.35078125 0.15234375 0.1671875
0 0.47578125 0.38359375 0.12578125 0.12890625
0 0.36015625 0.39296875 0.165625 0.12890625
0 0.57265625 0.41796875 0.1078125 0.1171875
0 0.6984375 0.4609375 0.1140625 0.12890625
0 0.4828125 0.51171875 0.1453125 0.14609375
0 0.8875 0.521875 0.1453125 0.15546875
0 0.60078125 0.5359375 0.1703125 0.2171875
0 0.79765625 0.58203125 0.1109375 0.140625
0 0.7125 0.58828125 0.11875 0.1921875
0 0.38203125 0.59296875 0.15859375 0.21328125
0 0.96875 0.61796875 0.0625 0.159375
0 0.8734375 0.653125 0.1375 0.15546875
0 0.5171875 0.67109375 0.18515625 0.2
0 0.65625 0.69140625 0.1390625 0.1828125
0 0.378125 0.06953125 0.1421875 0.13046875
0 0.78046875 0.70078125 0.115625 0.14453125
0 0.31796875 0.72109375 0.14375 0.165625
0 0.95546875 0.73828125 0.0828125 0.134375
0 0.8515625 0.78828125 0.12890625 0.15
0 0.6984375 0.7890625 0.13046875 0.17109375
0 0.4296875 0.8015625 0.178125 0.19609375
0 0.575 0.81796875 0.15859375 0.17890625
0 0.8890625 0.85546875 0.10546875 0.13046875
0 0.6328125 0.9171875 0.175 0.13828125
0 0.4484375 0.14140625 0.1140625 0.14453125
0 0.3671875 0.1546875 0.0859375 0.09453125