0 0.75 0.7875 0.0734375 0.08984375
0 0.809375 0.8140625 0.06796875 0.06953125
0 0.7984375 0.85703125 0.0765625 0.0921875
0 0.07109375 0.2671875 0.0828125 0.0890625
0 0.22734375 0.3421875 0.1171875 0.10703125
0 0.73203125 0.3515625 0.1078125 0.12421875
0 0.6609375 0.3625 0.09140625 0.084375
0 0.315625 0.3953125 0.11953125 0.11875
0 0.0890625 0.4015625 0.07265625 0.0796875
0 0.1734375 0.4359375 0.08828125 0.09140625
0 0.2328125 0.4625 0.13984375 0.1125
0 0.33125 0.50234375 0.121875 0.1140625
0 0.371875 0.55078125 0.12890625 0.125
0 0.79375 0.56875 0.1140625 0.11484375
0 0.73125 0.5765625 0.09296875 0.10703125
0 0.465625 0.58125 0.09609375 0.12265625
0 0.8734375 0.5921875 0.0703125 0.10546875
0 0.2875 0.609375 0.1171875 0.13359375
0 0.053125 0.6484375 0.07421875 0.0734375
0 0.3796875 0.65 0.1171875 0.10390625
0 0.8125 0.65234375 0.1046875 0.096875
0 0.034375 0.69765625 0.06640625 0.0828125
0 0.659375 0.771875 0.08828125 0.09296875