0 0.79609375 0.171875 0.06640625 0.06640625
0 0.915625 0.215625 0.08046875 0.06953125
0 0.9765625 0.25625 0.046875 0.065625
0 0.36875 0.271875 0.08203125 0.0875
0 0.42734375 0.278125 0.06796875 0.09453125
0 0.95546875 0.29375 0.071875 0.0734375
0 0.89140625 0.30390625 0.08046875 0.06953125
0 0.45703125 0.31328125 0.075 0.0765625
0 0.33046875 0.33046875 0.078125 0.06953125
0 0.978125 0.33671875 0.04296875 0.06796875
0 0.48359375 0.340625 0.05546875 0.0515625
0 0.94296875 0.340625 0.05859375 0.0484375
0 0.64296875 0.3421875 0.09453125 0.0875
0 0.68125 0.3796875 0.084375 0.08203125
0 0.403125 0.390625 0.075 0.06796875
0 0.753125 0.4046875 0.0875 0.0984375
0 0.4546875 0.40546875 0.07109375 0.06953125
0 0.621875 0.409375 0.0640625 0.0734375
0 0.56796875 0.42578125 0.075 0.07890625
0 0.696875 0.44609375 0.090625 0.08046875
0 0.809375 0.44765625 0.08359375 0.084375
0 0.4328125 0.46328125 0.0765625 0.0765625
0 0.25859375 0.4640625 0.078125 0.09140625
0 0.3078125 0.47265625 0.05390625 0.07109375
0 0.503125 0.47421875 0.09296875 0.0875
0 0.61171875 0.478125 0.090625 0.08359375
0 0.16328125 0.48828125 0.10390625 0.1015625
0 0.78125 0.49375 0.0765625 0.07109375
0 0.228125 0.50625 0.04609375 0.0625
0 0.72109375 0.50625 0.0859375 0.07890625
0 0.55234375 0.52109375 0.07890625 0.078125
0 0.60625 0.53984375 0.065625 0.06796875
0 0.5046875 0.540625 0.07109375 0.0640625
0 0.77265625 0.540625 0.09609375 0.071875
0 0.8203125 0.05625 0.07109375 0.05390625
0 0.28203125 0.559375 0.06640625 0.084375
0 0.15 0.5703125 0.1 0.09296875
0 0.2296875 0.5828125 0.08203125 0.08203125
0 0.2875 0.6125 0.04453125 0.0609375
0 0.76875 0.0625 0.0625 0.0609375
0 0.178125 0.63125 0.075 0.07109375
0 0.25 0.640625 0.0859375 0.0875
0 0.18125 0.67890625 0.09609375 0.06640625
0 0.92265625 0.68125 0.06796875 0.059375
0 0.259375 0.69296875 0.065625 0.053125
0 0.8765625 0.06953125 0.08046875 0.06953125
0 0.509375 0.7046875 0.078125 0.08203125
0 0.33984375 0.7109375 0.04609375 0.071875
0 0.83046875 0.7125 0.05546875 0.075
0 0.91796875 0.721875 0.06640625 0.06640625
0 0.56328125 0.7234375 0.05390625 0.05546875
0 0.38203125 0.73125 0.06640625 0.07109375
0 0.70234375 0.7375 0.0484375 0.046875
0 0.86171875 0.7390625 0.0625 0.06640625
0 0.46015625 0.740625 0.05703125 0.05390625
0 0.953125 0.75234375 0.053125 0.059375
0 0.65546875 0.775 0.0640625 0.0609375
0 0.37109375 0.79375 0.078125 0.0765625
0 0.90703125 0.7953125 0.071875 0.06796875
0 0.95625 0.796875 0.065625 0.07109375
0 0.6859375 0.803125 0.05859375 0.0640625
0 0.98671875 0.8140625 0.0265625 0.04453125
0 0.29375 0.821875 0.07109375 0.08046875
0 0.66484375 0.8359375 0.0625 0.0609375
0 0.78515625 0.853125 0.06796875 0.06796875
0 0.9859375 0.859375 0.028125 0.05
0 0.6890625 0.86953125 0.06640625 0.06640625
0 0.921875 0.0875 0.065625 0.06640625
0 0.509375 0.8859375 0.05703125 0.05859375
0 0.9828125 0.903125 0.034375 0.0515625
0 0.709375 0.915625 0.05859375 0.059375
0 0.66875 0.92734375 0.059375 0.059375
0 0.59296875 0.9328125 0.05546875 0.059375
0 0.5265625 0.93359375 0.053125 0.05
0 0.83515625 0.11796875 0.065625 0.05546875