0 0.49453125 0.2359375 0.13125 0.1375
0 0.04765625 0.2421875 0.0953125 0.09296875
0 0.7625 0.253125 0.13359375 0.13359375
0 0.41328125 0.2546875 0.12890625 0.121875
0 0.6 0.2640625 0.1375 0.15078125
0 0.07421875 0.2859375 0.09140625 0.09140625
0 0.515625 0.33125 0.115625 0.10703125
0 0.81796875 0.33125 0.10234375 0.09296875
0 0.4125 0.3609375 0.14453125 0.14921875
0 0.68203125 0.3625 0.12890625 0.13359375
0 0.553125 0.39140625 0.10234375 0.0890625
0 0.7875 0.403125 0.13984375 0.1265625
0 0.315625 0.4125 0.1640625 0.1359375
0 0.9109375 0.41640625 0.1375 0.13125
0 0.8578125 0.4625 0.09765625 0.084375
0 0.71796875 0.471875 0.15078125 0.153125
0 0.45234375 0.484375 0.153125 0.15078125
0 0.3578125 0.53203125 0.15546875 0.13984375
0 0.6109375 0.56328125 0.12421875 0.17109375
0 0.82578125 0.5796875 0.16640625 0.15078125
0 0.6953125 0.59296875 0.10703125 0.13359375
0 0.47421875 0.60546875 0.14921875 0.13125
0 0.7640625 0.63359375 0.0890625 0.10234375
0 0.94921875 0.6375 0.09765625 0.0890625
0 0.271875 0.63984375 0.153125 0.1421875
0 0.88671875 0.684375 0.15546875 0.146875
0 0.38359375 0.7046875 0.1625 0.15078125
0 0.50234375 0.7046875 0.1109375 0.10703125
0 0.26015625 0.07109375 0.15546875 0.1421875
0 0.69140625 0.75703125 0.146875 0.14921875
0 0.2859375 0.77421875 0.14453125 0.14453125
0 0.41640625 0.78984375 0.153125 0.121875
0 0.80703125 0.79296875 0.12890625 0.1640625
0 0.92421875 0.8078125 0.1203125 0.1359375
0 0.5890625 0.8453125 0.146875 0.153125
0 0.6953125 0.87421875 0.1109375 0.1046875
0 0.1234375 0.09140625 0.19765625 0.178125
0 0.4765625 0.93203125 0.1625 0.1359375
0 0.628125 0.934375 0.1265625 0.06875
0 0.55 0.13125 0.17109375 0.16875
0 0.0734375 0.1546875 0.146875 0.11328125
0 0.6421875 0.1796875 0.10234375 0.146875
0 0.203125 0.18125 0.16640625 0.153125